46562
26642
17971
12586
58443
11588
35017
27257
132597
35592
19624
43289
25780
42331
45413
24806
13213
43082
21844
50300
39122
33070
49981
16371
33182
3595
18978
25653
58940
34971
29278
24192
57168
58206
29422
35818
55859
44633
45671
35467
29550
59564
22923
45352
199870
57169
24544
39923
47748
34989
54455
22676
29838
29854
36666
43341
55669
42910
42926
32489
16276
55286
33968
42160
41665
30094
62217
12779
42831
30693
50113
19994
38935
57858
13354
46664
41075
198156
29791
11346
40676
197071
48900
35662
47447
198605
16625
48533
197328
56246
50673
53755
8038
24961
24466
29073
14061
28099
53612
16125
55720
54203
8999
25137
33891
56934
61102
60144
8560
52048
53597
5577
32475
36351
47625
702
23884
27988
29066
21409
54540
38220
19916
1668
25074
32244
36352
42005
46652
41079
12860
23661
12876
42708
49367
46844
25761
56106
29889
56202
50613
46573
39451
61440
54334
39020
19318
2876
11990
36114
63213
202010
49544
32748
30736
38478
33480
15699
54527
2914
43333
26832
198310
42455
18712
20360
24971
34081
35908
13739
197648
34934
198894
20836
53889
24940
20860
55470
40156
27956
51430
47869
15830
32181
30633
1421
43350
53055
28110
63008
39326
39756
41913
10532
29691
11288
17439
51191
51852
27357
12843
45634
30266
38001
49770
51167
30496
50840
29802
50872
31863
46816
28747
51765
18328
24238
26277
132155
6724
9340
28877
20473
197922
132335
33438
3223
53264
42473
32780
20773
29302
46475
48685
10929
33387
198385
56269
12989
12993
18779
54945
32613
31342
30083
197043
55536
47887
45289
39743
52023
15085
30058
58001
20454
55799
40244
22781
13237
18450
51290
