111629058072
78345601046
163125067800
163124936728
208220225560
208219701272
78348156950
78348877846
134187319320
134187384856
134187450392
134187515928
134187647000
111620407320
134187778072
134187843608
134187974680
134188040216
134188105752
134188171288
134188236824
134188302360
111618834456
111618441240
111618113560
210398871568
111616999448
111615819800
223289016338
214699212822
133089017880
133088952344
186783891479
186784022551
186784284695
186785988627
111612346392
41310961688
229739331603
112723296280
112723427352
86913810455
86913744919
69775392788
78365327378
111607627800
207105605656
210421940248
210325798934
210429018136
98715844632
225343504407
175004467224
112736469014
229768036375
175009447960
171788828695
86968893460
175010758680
229772361747
175013904408
94413537304
186829111319
208149053464
192198098968
192198754328
152471961624
152472092696
25503432727
152488640531
152491261971
98691858456
212631814163
74106273812
73990570007
74108633112
74108764184
111569879064
13290176533
25507135508
223133237272
25507397652
25508282391
25508315159
208086958103
218030817304
111559131160
213452800024
25509756948
25510019092
25510543380
74126458900
111552774168
111552577560
98665971736
227712434196
25511526422
41279242264
191211503637
212687388691
225238745112
225238646807
91313143826
25512902676
25513164823
111542353944
195518005267
214847979542
110645870615
111538946072
111538880536
197676761110
183718395928
197678301207
197679644694
197682102295
197682135062
189096001554
197688524823
197689180183
197690490903
206286487574
25517621268
72871591960
25518243863
74158047254
74158178328
74158374934
204785926168
218109984792
87044653076
98634055704
25519980564
72016199695
25520242707
125704339480
125704405016
127854313493
69875007506
25521913879
208470933525
25522339860
72025374743
202031235088
207974596632
25523191831
98617999384
72029831187
202039623696
98617212952
223518654482
40311455763
40312307736
206886453272
74183213080
74183278616
72037171219
72039923733
68232937493
98605023256
218683080726
98603712536
223545131030
98601091096
25527844884
159127699472
217109889045
197783978006
87084761108
206851588120
207922561048
207922200599
68239294486
68239360022
68239425558
68239589399
41243099160
41243033624
41243000856
41242968088
41242935320
25530073110
25530138646
233685811224
25530466324
68240801811
80335699992
98588573720
25530990612
87092363284
25531252759
25531285527
218209075224
25531777044
25532039190
212845559832
98583003160
232175697942
232175960086
232176353302
121458196504
212852899864
68246044691
87100489748
212853850135
212854341656
192458801176
212859879443
87103635476
74218864664
74219520022
74220306456
25534464022
25534660628
25534922772
49821859864
219333263384
213223161880
213223030808
232228126738
80302080024
68258136088
233614770200
233614508056
233614376984
212904443923
95723257880
98545909784
209970987030
68264329238
75326603288
75326668824
75326734360
219370749972
75326865432
75326930968
75326996504
75327062040
75327127576
75327193112
75327258648
75327389720
75327455256
75327520792
75327586328
95731056662
25543573524
25543835670
25543901207
25543933975
25544097812
206500266006
25544359956
206501707798
71686914072
197929173015
218523566102
197932875798
25547079703
25547243540
25547505684
223707136022
187372093464
187371962392
187371831320
187371700248
25548324887
25548554260
209916854294
25548816404
25549078550
115694583832
115694518296
115694387224
63986794518
206556889106
25551634454
206668611608
106017226776
25552748564
223749341202
218381959192
218382090264
25553272855
208721149973
34143666198
223761924114
213027651603
215233511448
214158606360
213043216408
219494219800
125854285840
229160501272
206618542104
232385069080
232384938008
25559040020
206618984471
74319659030
74319724568
74319790104
125861888020
25560154134
40383283223
25560219671
25560350740
207676669976
232371044376
25560612884
204485427219
207669985304
207669854232
209857822744
25561399316
209859657752
25561661460
188337684504
25561923606
223823790098
223824838674
214101458968
214099755032
223829032978
224827310104
40390885397
101676122136
206668660759
223850004498
70051168274
116700708887
25567625238
206688878614
196877942808
25568215060
187364802583
187364933655
187365064727
187365294104
187365326871
25568477204
148713635861
187371716632
187371847704
187371978776
187372109848
74360553496
74360750104
206529151000
187384725519
25572016150
25572081687
25572114455
115600867352
25572671508
213170225176
228203692048
25573457940
25573720086
25573785622
25573851159
115591233560
115591168024
115591102488
112369893399
115590971416
115590905880
115590840344
223661047832
206479605784
197886656536
197886525464
215062724632
34167848981
117344829460
117345091604
117346664472
117346730008
117346861080
34168406040
34168455192
219661467668
34168537112
34168553496
34168586264
34168619032
34168651800
34168700952
34168733720
34168750104
34168766488
34168799256
88731713560
213223047192
213223178264
117352300566
193902411800
25580142615
25580273684
82994724888
25580535828
228274995216
220762325016
160636059672
228283383824
147368083480
105895395352
105895329816
191780356113
209639866391
228291772432
212854325272
232176533528
25584795670
25584861207
25585254420
220787884056
25585516564
112327294999
25585778708
218207551510
218207125527
206838300694
214983032856
206840135702
189202874392
189202612248
189202481176
189201301528
189201170456
191839076369
213874966552
175218819094
71502626840
25591676951
25591709719
200981413910
202588028952
202588160024
202588291096
198831177751
218696663064
25592463382
25592528918
207416098840
217627492373
25593118740
25593380884
191862145041
25593643028
209557684247
87342579734
87342645270
25593905172
25594167316
141402193944
228375658512
213345239063
25594691607
25594757143
25594953748
100232593428
25595215892
34185674771
98089435157
100238622740
34186330133
206309867544
217660129301
34186854423
34187214871
221960175640
207375597592
206930182166
207372353559
204785942552
138653368344
207371567127
140364087317
140364742677
74478256144
157545136149
220896542744
220896673816
206940667922
25600065558
25600196628
25600131095
25600458772
87370498068
87371022356
87371546644
207350956056
197687296024
89716965400
206956658710
218768490520
25601359896
87373905940
207345713176
85419835416
85419769880
85419704344
85419638808
91670511640
210184323096
198748471319
34192818200
195519528984
93826580497
198736019479
211275481112
211275743256
211275874328
85241495573
206992179222
70211600404
70211862548
70212124692
70212386836
186593689624
232006139928
206999912470
207000043542
207000174614
207000305686
102428835863
101356912664
213740355608
213460189203
228497293328
228505681936
213482209299
174828552213
207041331222
222089445395
198653542424
102547406872
98166112279
98166177815
69259460631
152472076312
152471945240
170724229144
98169520149
207229583384
175017099286
174865121301
192195887127
161057685528
207223685144
207223554072
128237764631
175010807830
25617465367
174876131349
175005696022
213659484184
174879408149
207091400726
174880587797
232863957014
189915332630
174997831702
174997045270
185626525716
185626787860
124002123800
124001927192
25619857428
207105916951
25620119572
185633341460
185633603604
228585373712
185636749332
185637273620
200671232021
185640419348
185642778644
185643040788
185643302932
214699917336
174971748374
185649594388
162078588952
228605034520
209321099287
162076491800
214688645144
214687858712
79946301464
185663750164
221102587928
40512782352
192128122903
163131998232
207154577426
163125051416
163124920344
100361895958
25627721748
25627983892
207170306066
25628246038
162076524568
25628377110
34218704918
159934054420
25629032468
34218770455
34218803223
142757330960
25629556756
79939272728
174975221781
213629665303
185713819668
185714343956
207113093143
25631129620
174987542549
124002304023
228677648400
195289235480
192173441045
192175276053
25632702484
210429165592
25632964628
159966560272
185740558352
175006285845
175009693717
128237912088
25634799636
175014150165
34225520651
174864269334
170724655128
152471978008
152472109080
144958816275
102548242453
198652854294
160002211860
213693857816
5603852309
198662684694
198663208982
174834909206
174832549910
198672908310
5604114456
5604229144
151435214872
198680248342
198682869782
198685098006
132506402840
132506271768
132506206232
98146467864
228753145872
198693617686
198697680918
198701744150
198703972374
213452783640
213740388376
101356896280
101356830744
89693487125
198713933846
207000371223
25645023252
186593656856
186593525784
198722191382
198722322454
198722453526
198723371030
198725468182
219127103512
5605769240
198727696406
151485677584
102587432981
195519430680
195519561752
222003265560
198746963990
186566656024
89717342229
85422440471
207354167319
89719832597
89721667605
207360229398
85428338711
85428469783
198773309462
198774620182
198777634838
220896247832
204785909784
198784843798
198785237014
198787072022
221960142872
49583964184
49583931416
49583800344
49583767576
49583702040
49583669272
197258428440
49583210520
49583177752
198795591702
209064329239
25655509010
198802276374
25656557586
25657606163
115520045075
206886436888
198832160790
200981479445
185951584276
232648769560
40583364632
40583397400
25660751888
198849069078
91909783568
214381543448
198853656598
40588410902
232624652312
181684666386
198864404502
198864666646
198867288086
101582749720
198872268822
198874202135
25664946193
101586812952
206835187736
198882754582
198886162454
220787064856
102665551891
224657408018
198891012118
198892060694
192454197269
86230466583
224669990930
170308075544
192458915861
192459571221
5611454485
198906609686
147367919638
100528291864
100528357400
160636026904
74763206676
68520476696
212882145304
217527517207
217527386135
217527123991
198926925846
74768711698
68522868760
68522934296
74772381716
38810959896
213223145496
213223014424
88731729944
96250101780
128083509272
96250363924
117725200408
117725265944
117725331480
115578241039
198950649878
74781556756
68528963608
111969140759
68532535320
198968082454
89824690195
74796695576
117746696210
214029926424
85543354389
87691362324
74808819732
193639890968
179685785624
214046310424
206700445720
187372077080
187371946008
187371683864
229245403160
229245272088
148713537559
68546002966
187365130264
196877975576
208837214230
209769725969
68548722712
116223344663
116223279127
116223213591
116223148055
116222754839
25685655573
116222033943
116221575191
25685803032
49517936664
49517903896
6153306132
115639582739
205508837399
205509066776
205509099543
205509230615
214099787800
205510508568
25689063443
205511196695
205512245271
25689587732
214158589976
188337487895
188337717272
188337848344
208783966231
70553436178
222709514264
207681224726
40646869014
221644701720
207687516182
232385052696
232384921624
221644652568
207693643799
207695216663
161510785048
222713004056
207698755607
40651194387
207700983831
40652636183
188337799192
188337668120
214158639128
25696403473
98490646547
115670515727
170141532184
205508755480
171147444248
171147313176
40658010133
40658141207
40658173975
40658796565
40659582991
25698500629
25698828310
204420481048
25698959382
169084715028
144288317464
49492344856
102204522520
25700614168
25700696088
25700876312
25701105688
115690962967
115692011541
115692208151
115692339223
115692404759
115692470295
196877926424
187365310488
100663296010
207769042958
47110946838
110781153304
77495435287
98525577239
74905026584
74905092120
74905157656
71685160984
71686930456
71688831000
222832885779
213170241560
110766866456
74914463762
209962401813
71033978904
75327569944
75327504408
75327438872
75327373336
75327307800
75327242264
75327176728
75327111192
75327045656
75326980120
75326914584
75326849048
75326717976
75326652440
75326586904
107132485651
223661031448
208628154390
197886640152
215062708248
40687370260
87818240020
87818764308
193902428184
207869575190
40694186003
160635944984
122540032024
174208385046
170308517912
189236674584
98577612823
72811020307
232176025623
98582331415
212845527064
110718238744
179987546131
154224394264
233686007831
110710702104
225099776022
189202858008
189202726936
189202595864
189202464792
208529457174
189201154072
72830943251
72832516115
208512647191
152110366740
213874950168
72837627927
72039809048
98608218135
40714928151
40714960920
40715091992
202588045336
202588176408
202588307480
40716075031
40716140566
102910918679
90031783955
72025587736
72025522200
53606350868
6163529748
213837856792
6163791892
96481574928
25731006484
127851773976
127851708440
197258477592
139738808342
25731268628
6164054036
25731530772
110669938712
25731792916
221960192024
6164316180
204785958936
72866594835
49426284568
208439672854
206288879640
72871837717
110660042776
72872230933
25734168600
220905603088
72873934867
197691113495
197688754199
197688623127
197684035607
186566311956
186566574104
208044785687
195519512600
47181266966
5628821527
5628887062
110642151448
110642020376
5628952598
5629018134
225238417431
225238810647
111547973655
5629214742
186593050648
110635597848
186593312792
186593443864
186593574936
186593706008
232006123544
117994160146
47186575384
94376034321
208372563990
110628716568
110627733528
103111557143
213452832792
103109525527
72908013587
118006480916
68667637784
6435536920
6435553304
25744637970
133042798611
6435782680
6435799064
6435815448
6435864600
6435880984
6435897368
110612463640
6436077592
5630820376
83660242968
83660308504
47199518744
213695250456
195245375512
216910725142
195248521236
216909545494
118025879576
118025945112
195250094100
218873462805
94408540181
118031056920
222104633368
152472059928
152471928856
214747611160
170724212760
118034792468
53648850968
83675906072
94414045205
118036103188
40765227029
171788795927
94484332567
225343438870
225343569942
186693713940
25753288724
111656992791
186698694676
186700267540
208271343639
161026474008
47214624790
25754664984
25754861588
90139918357
214699900952
186724384788
40789590040
40789557272
40789524504
40789491736
40789458968
40789426200
40789393432
40789360664
40789327896
40789295128
40789262360
40789229592
40789196824
40789164056
40789131288
40789098520
47231320088
47231287320
25757220882
47230795800
47230763032
186730414096
214688628760
214687842328
96606060568
220045328408
25759318035
47223930903
163124969496
163125100568
163125231640
163125362712
47224455190
163132112920
163131981848
83712540692
163132178456
163125166104
163125035032
163124903960
208232120342
25760890899
68701814808
96603471892
90149191703
214653370392
40786984984
96605962264
202874568728
47220670488
25762463764
214688694296
162076540952
25762725909
47230779416
186774192148
162078638104
47219654680
47219621912
47231270936
40789147672
40789180440
40789245976
40789278744
178136612888
40789344280
25763184664
40789442584
214699966488
98729033751
186788347924
186804076568
186804207640
195289350168
195289219096
195289088024
133137301525
98712256535
40766390296
171786207256
171788730391
94413553687
92265742360
53648867352
186830290964
186830815252
152471863320
152471994392
15569420312
15569436696
24697372692
110602141720
202765844504
202762567704
195245441048
111581626391
111581036567
47200419864
47199535128
47199502360
24699273238
110608302104
110608957464
83660341272
83660275736
24699535382
77324091409
24699600918
24699797527
24699830295
24699895831
53695479823
24700125207
24700157975
24700190743
110612496408
24700452886
24700977174
98686042135
68740972563
77333004311
223389679635
231981711379
220972908568
219103756309
24703959063
24703991831
110627766296
103111852053
110628749336
47188754456
206227734552
66589818899
206228652056
24705040406
24705302550
208072638487
24705630230
24705695766
24705761302
24705892374
110635106328
186593640472
186593509400
110635630616
225238482967
222016618520
110640480280
110642053144
24708120596
110644084760
212698136596
212698398740
212698660884
212698923028
212699185172
24708743191
33298677784
33298694168
186566639640
110649196568
197675188247
24709693462
197678202903
225215807511
208425320470
197688688663
197689212951
208026107927
72002551832
33301151768
197692751891
68784488467
110660075544
110660337688
33302249491
24712839188
98638528535
220896493592
8598323224
213816688664
221960126488
208001335319
101007228944
206308474904
110671609880
197258444823
206310047768
127851675672
127851741208
127851806744
139275436055
208470769687
8600289304
8600305688
8600322072
212769964056
110682947608
24718606356
102910951447
208485089302
169831563280
223522324499
206342979603
24719392788
90289209363
101028200464
40715141144
40715108376
5374263320
40715010072
40714977304
40714911768
222985486360
98608250903
62188371992
72837595159
213875015704
33311162389
33311293464
33311359000
33311391768
33311408152
33311424536
213878947864
33311522840
33311555608
33311571992
33311588376
33311604760
213879996440
33311637528
33311653912
8602615832
24722014228
8602632216
33311719448
33311735832
33311768600
33311784984
33311801368
33311817752
33311834136
33311850520
214381527064
33311948824
33311965208
33311981592
33312014360
33312063512
33312079896
33312161816
110701297688
8602976280
8602992664
24723324948
110705164312
24723587092
195650387988
110710734872
195651305496
214983082008
189216292888
83872448530
139827445783
33316274197
77432094739
77432619027
110718271512
212845461528
216491294742
110719778840
232175796248
232176058392
232176451608
232176582680
217149046807
98577514519
98576859159
189236740120
170308190232
103210287123
98574958615
122537902100
68853694483
49459232789
160636010520
49459757078
49459822614
68857888785
90333249555
232205058067
232205582355
232206106643
24731189268
49462771734
207865577494
66643296272
216453152790
206442692632
232212922387
208591781910
193902493720
208597549078
213223129112
213222998040
178534744080
75311874068
212899463188
206465925143
111823814677
24735121428
24735383572
215062773784
24735645716
49471815704
197886574616
197886705688
24736694292
68883054611
49474043925
75326554136
75326619672
75326685208
75326816280
75326881816
75326947352
75327012888
75327078424
75327143960
75327209496
75327406104
90359726101
75327537176
49476534292
24738267156
24739315732
207801057303
24739577876
98532229143
110769586200
49479876632
71686897688
206511538199
71685128216
170007724048
98963423253
206516486168
98525675543
223698747415
53778055188
98966306837
216373592086
197932613655
66664267792
77495402519
161606320152
161606189080
208677339159
187372060696
187371929624
187371798552
187371667480
229245386776
229245255704
137816670232
24743510036
24743772180
49487806484
187365244952
212983873556
101124669456
115692437527
115692371991
115690995735
204535152664
103276871703
103277002773
24745869334
197967478803
24746065943
206558953496
204420415512
118322364436
213022670868
144305029136
205509083160
8616312856
214099804184
8616345624
8616362008
24749539348
118325248020
214158573592
188337733656
188337864728
79674998798
198004703247
24751374356
208748511255
204454494232
213044690964
207699378198
188356739096
24752947220
24753209364
8618262552
232384987160
232385118232
24753471510
24753537047
206618066968
24753733652
221644636184
24754192406
207682338838
161511817240
207679062038
49510350869
33345077271
208782491670
228111941653
53807874070
53808005142
53808070678
188337782808
53808136214
188337422359
214158655512
24757010454
24757141524
214100508696
205510475799
205509034007
205508739096
205508640791
24757665812
171147427864
171147296792
170150330384
33348304920
49517887512
204420464664
116217872403
206666301464
206666694680
101672042520
116221018131
116221804567
116222722071
116222853143
116222984215
116223115287
116223180823
116223311895
116223442967
24761139223
24761204758
189502816280
204535103512
100587962392
196877910040
79724281874
137973334039
8623112216
187365195800
232461959187
53821046807
53821243414
8623292440
187371618328
187371749400
187371880472
187372011544
161602863128
6190792720
161606139928
102728302615
100578983960
223889850387
206713618456
86181806101
187406483476
187412512788
68534353944
96265666584
187420901396
68532551704
68532453400
86197141523
73312763923
187426668560
111969107991
187430862864
68528979992
68528914456
8627732504
111973629975
8627781656
8627863576
202167369752
202167238680
8627961880
8628174872
8628191256
8628273176
8628289560
213223079960
68522950680
68522917912
68522885144
49549934611
217527320599
217527451671
217527582743
217529319446
198922272790
232564293656
206795440151
217533382674
101252595730
101253644306
198913622038
160635961368
100528390168
198906150934
49555636246
105895378968
105895313432
208962322454
100524589080
198900252694
188569075736
232591982611
198890684438
217562742802
213919236120
66740813843
94827970579
198878494742
198878101526
198877577238
101586255896
198874562582
232610856979
198873251862
101583372312
198870106134
101582651416
198257410067
198868402198
198867877910
198860537878
220815310872
220816228376
75514249230
224042418195
232632877075
8633843736
206868414488
198843596823
198843105302
213874933784
8634499095
212799897624
79816032276
198839566358
40583413784
232648835096
232651751443
86262677523
195079847960
198824362006
206894006291
66756476951
207404302359
213837840408
33380007959
198802341910
198800343063
49582964757
79838838804
49583095832
49583161368
49583357973
49583489045
79839887382
49583652888
49583685656
207382577174
49583751192
49583783960
49583980568
198788972566
207372451863
5929435157
198782025750
232705753107
220896182296
220896444440
220896575512
198774784023
85428502551
85428437015
85428371479
85428305943
206944337939
198771277846
198770622486
209094311958
198766559254
198763413526
85422407703
198759350294
198757515286
198755942422
233114894358
71270924308
239553249304
207338897431
33387184149
222002806808
8640528408
8640544792
8640561176
8640577560
198744014870
8640593944
8640610328
8640626712
8640643096
8641314840
8641331224
8641380376
8641396760
8641413144
8641429528
88461279252
219873542165
219127169048
206990475283
186593067032
186593460248
186593591320
186593722392
213437120532
198717669398
198715965462
207304458262
198712819734
33391640597
220962373656
198709149718
101356797976
101356863512
88474648594
219103313944
101360336916
49606623256
198697877526
71299235860
198693290006
88480940050
98146500632
132506239000
132506304536
132506370072
132506435608
219085357080
198680805399
222071357460
174827765782
194157608981
174830649366
207042871320
207042904087
192011960342
174834057238
178060541976
174839562262
174842970134
198657507350
198656720918
228535042065
198652264470
24809570324
133597495317
234983391254
174855028758
98166423576
174857912342
24810356754
222104125464
222104256536
222104387608
222104518680
152472043544
152471912472
170724196376
84211662868
207081144344
128237944856
84215857172
222118281240
222119329812
24812453908
222120640532
24812978196
84220051476
92810248212
232868806675
195289301016
53924069393
189933420567
189933813779
126139269144
178136301592
79942647830
79942713366
228605165589
79944089622
228605952021
228606083093
79944810520
202873700376
232913371155
229707923480
24819793939
163124985880
163125116952
163125248024
79954968598
207155626003
207156150291
192128057367
192128188439
100351574040
79959556118
53938749456
79963815958
202876125205
207172403219
214688710680
6205472788
79966830614
79967354902
178136727576
229675024408
53942943761
174970470423
214699982872
66828894226
100338925592
213629272084
185714212885
232958984211
53946089492
53946351636
53946613780
53946875924
6205997079
6206029847
100333617176
6206128150
174987149334
174990163990
186804092952
195289071640
195288940568
174998028310
213654700052
222124867608
175004057622
103609270293
175007858710
175007989782
66838331410
128237862935
128237797399
175011004438
207223750680
127234539542
127234605078
127235063830
207227977747
207228502035
86436216843
175017951254
152471879704
152472010776
98166145047
105767763984
198651117592
218873806872
202765828120
41075212310
202761502744
202760323096
24832770070
24832901140
112216506387
112217030675
92788637720
202755211288
178058215448
213487779863
24834408470
198677495831
24835457046
224453689368
198693093399
209430773782
209435197463
213740290072
101356879896
101356814360
84323336210
24838930452
220962275352
24839454742
102426509335
207307636760
84328513558
186593755160
186593493016
186593361944
186593099800
224496975891
88629575702
232752218134
232752087062
211276070936
211275546648
66865594384
222002839576
186566623256
198748504088
198748766232
91670478872
91670413336
122999799830
85419671576
85419737112
85419802648
85419868184
24844697620
85422358552
85422489624
207358623768
198770786328
84355776536
198774751255
198775406615
131600482326
198778257432
5406457872
207373828120
24848367636
221960110104
198790316056
8666136600
66878177299
206310064152
198800932888
8666939416
8666955800
95110037521
207399026711
24851775508
8667529240
8667660309
24852037652
8668250136
195079880728
95118426129
24853610516
95120523285
198831210520
95121571859
95122358293
200981348374
95124193301
213874901016
123837120535
198853099544
198853918743
24857018390
24857083927
206373240856
206857076759
24857542676
189201235992
189202939928
181687287827
175245230102
175246016534
49719279631
66899148819
83019464728
214983098392
112327262231
112327393301
112327589911
213919203352
232175812632
232176074776
232176467992
8672706582
212854259736
212854390808
209634721814
192458883095
192459800599
160249937941
105895362584
147368017944
24863571988
160635994136
14042529806
71541194772
82994692120
193902477336
117352398872
213223112728
213222981656
209672994838
88731746328
117346893848
117346828312
117346762776
112357015567
206460272664
198946816024
82295390227
82295914517
82296045591
88738889744
224720322579
213205319703
209983717400
5411700755
215062790168
197886591000
197886722072
116661944339
115590873112
115590938648
115591004184
115591069720
115591135256
115591200792
115591266328
115591331864
116671381523
116671905811
24873795604
8678686744
220679421976
24874844180
190410489880
112388472853
116684488723
24876679188
102728253464
161606303768
161606172696
74360782872
74360717336
179688177684
24877203476
187372044312
187371913240
187371782168
24877465620
229245370392
229245239320
137816686616
187365228568
187364966424
137973366807
196877484052
196877877272
116696285205
116696481815
24879169559
204535136280
209772707863
116700545047
221707042839
224811024403
164685152271
205488128020
101672353816
204420431896
24881922068
141076463634
224828293144
116710703123
33472905238
171147264024
171147395096
33472970775
33473003543
71616430100
205508575256
223828803607
205511983124
33473642520
66947907603
213029896216
188337618968
188337750040
214111879192
24885985302
115651690520
221644603416
207686959128
207688794136
232385134616
75928764440
206618083352
209841520663
161511800856
24889065495
179793035280
209858166807
69499617299
214158540824
233486417939
24891359252
24891883540
24892145684
71652343828
24892407828
69505384467
71652868116
24892669972
54080307224
54080339992
24892932116
69507612693
204420448280
169084452885
206666317848
206666711064
204521881624
209899749390
219434385432
189502832664
204535119896
224942096403
95756058648
115694419992
115694485528
115694551064
115694616600
187365212184
187371634712
187371896856
187372027928
161602879512
161606156312
161606287384
223704580118
112481665047
54093938707
112482844691
197930713110
207785820175
54094462995
218523631638
197928878102
54095511571
197924651031
71685111832
224973029395
223687671830
71688781848
88868913172
206501380118
206500331542
223673909270
223673221143
207813050392
41216606232
71033962520
71033765912
75327553560
75327488024
75327422488
75327356952
75327225880
75327160344
75327094808
75327029272
75326963736
75326898200
75326832664
75326767128
75326701592
75326636056
75326570520
98543255576
223661064214
223657918486
218565410839
207828779032
98547646488
24906039316
29201268757
202167484440
202167091224
233614573592
233614704664
233614835736
223631441942
206451703830
213222965272
213223096344
131845062676
223624101910
225043808275
98564161560
171370872848
80317775890
122540015640
49823744023
49824006168
71731511316
74218962968
74218897432
192458866712
171383980056
98578251800
212854407192
207894872079
188568567832
121458229272
98580676632
112539467797
112539598869
80329048084
80329310224
98583691288
98585526296
218209402904
212840120344
98589720600
218200621080
49832525840
216507711512
41242918936
41242984472
41243017240
41243050008
41243082776
206380630039
228927258648
5692194835
8700526616
214381494296
98603679768
207943368727
72837742616
72039825431
171446501400
225133985811
24920981524
24921243668
74183245848
180043644952
102907363352
206343569430
24921767956
24922030100
72032813079
24922554388
112575119375
71773978642
24922816532
41256321048
98619408408
212770127896
49847664664
41259991064
41260089367
207989997592
24925700116
125704568856
125704503320
125704437784
125704372248
112589930517
225179074579
221960093720
112591503381
98635333656
95417270295
120113053720
110662942743
95418449941
95419105301
72871821336
225200570387
197688590359
197688459287
197685968919
110652981271
197679710230
197679448086
197678235671
197678104599
197677875222
197676040214
197671682071
111538913304
222002823192
41275129880
195519479832
111542386712
233827729427
225238319127
225238450199
225238679576
225238712343
72893186072
112621256721
41279225880
41279258648
186593181717
232006156310
111552610328
111552806936
71825096724
208073490456
208073621528
111554248728
224182911000
116924612625
208078503959
110630174743
24936218647
208079257624
101893275668
24936710164
101894848532
24936972310
111559163928
219103297560
54169960468
209435181080
101899829268
149304590360
178036146197
40277393432
54173630484
54174679062
54174744598
54174875670
54174941206
73990602775
54175137814
54175203349
111572008984
143914991640
86878715921
73995386899
54177824785
151426088984
210267144214
98694905880
69705662483
195245506581
195245637653
195248783381
24943788052
91186266129
94408917016
54184116241
69714051091
222104141848
222104272920
222104535064
152472027160
152471896088
192198164504
217967050776
112665296917
112665427989
161058848791
112666345491
167496974360
171788763159
112669491221
112669753365
112669884437
112670015509
112670408725
98712338456
225343537176
112673685523
112674209811
112674734099
160927055885
233941499915
24947982356
98718302232
174992605208
99794550803
210325078038
210422005784
207105671192
111608709144
111609167896
86913581079
86913646615
86913712151
207113142296
41311404056
101949898770
186784186392
186784088087
186783957015
133088985112
133089050648
111614935064
207123759128
214647308312
134188335128
134188269592
134188204056
134188138520
134188072984
134187745304
134187679768
134187614232
134187548696
134187352088
160964804625
67084910615
96605978648
202873946136
112697409557
67086319637
208217309207
163125133336
45613580310
78342520855
111629090840
163131949080
163132080152
221107486744
24955322388
163125297175
78347042839
24955584532
112707239955
221102637080
111638724632
78353793041
67094183954
24957779991
178136580120
178136449048
67096281104
210346246168
186781270037
24958468118
24958730260
111648620568
111649734680
111650652184
208267902999
112726114319
67100475411
132053467156
67100999699
128835371032
111656288280
111656812568
214614081558
67103096853
24962138132
67104145428
67104407572
24962727959
207223635992
174869921816
208297885720
111666905112
152469766165
170724179992
214747578392
67110436883
208312827928
208313483288
67112009748
195250421783
67112271892
118025895960
198657032216
204026282005
206174289944
202762010648
202757160984
174840037400
216919146520
198666076184
178058199064
83660324888
83660259352
110609235990
192012042264
192011911192
192011780120
192011649048
212631158805
96542015512
24969183255
189016309776
73990635544
73990504472
73990438936
73990373400
73990307864
73990242328
73990176792
110616576022
110617100310
206205485080
114916589586
110621622294
114917638162
208364339224
110627717144
208369975320
219108048919
110628700184
213740306456
24973148180
206227767320
207306342424
191204917272
186593738776
186593607704
186593476632
110635581464
186593083416
24974917654
208389275667
110639317014
24975769620
110640431128
110642003992
110642397206
8729919509
207326265368
110644035608
195520102421
197669421076
8730443797
232032043028
8730574872
8730591256
198748782616
110649344022
207340027928
197680693268
197682790420
197684363284
110654783510
214468722710
207353397272
110657404950
72003616784
197694324756
197695635476
207360213016
110660026392
198770802712
110660288536
219829157912
184812961814
189108584464
197699043348
197700091924
191260262415
220896624663
140364955672
74158243863
227775315991
198790332440
206310342680
127851757592
69871861779
222419894296
209061232664
74172071953
183285792792
183285661720
183285530648
183285399576
72025440280
72025505816
125712334871
206329085972
141402243096
110682898456
207410675736
110685716502
72032845848
195079864344
198825066520
220847570968
95656869907
110689779734
198831226904
202588340248
202588209176
222985224215
72039858198
72040054804
72040841236
72041103380
110695481368
213874917400
208512319512
208513368088
212810989589
110701248536
195632300053
195632431125
197780832276
197786075156
221408395285
221408526357
214371434519
110705115160
67163914260
189201121304
189202432024
189202563096
217121816595
110710685720
110711406616
217579470872
217579339800
5979635733
214982983704
214987964436
110718222360
213919219736
169897230357
110719729688
217148948503
208564224024
147368034328
95696322581
160635977752
202132553750
202135011351
198921928728
193902460952
208597647384
218591723544
80303456279
80303259671
208605118488
112514269208
112514203672
112514138136
112514072600
112514007064
112513941528
112513875992
112513810456
112513744920
112513679384
112513613848
112513548312
112513482776
112513417240
112513351704
112513286168
208607379479
74241802259
112510599192
111824388120
198953386008
111828385816
154937589776
197886476312
197886607384
25004474390
208625172504
25004539927
208627007512
223660998680
208631463960
110760099862
110760165398
229278941207
229278810135
229278679063
229278547991
95735971863
110769537048
74263822355
110772551702
207586836504
176653123608
176652992536
74905174040
25009258518
74905042968
190410506264
197929205780
197929730068
110776942614
197931565076
112481697816
25010634772
197936283668
77495517208
25010962455
229245354008
229245222936
25011748886
223715524632
25012207636
196877893656
74282172435
102205227032
214188228630
69998739473
214175383574
206573666320
228131913752
67213721616
232345829396
234495508504
171147411480
206583234584
214100492312
5717229589
213028438037
213028831253
206588870676
188337635352
188337766424
67217915919
25019023380
25019285524
232364965908
214111895576
5717622805
207673475096
5717884947
215195320344
208754180115
198017286160
232379121684
232379383828
232384888856
232385019928
207690383384
206618099736
232389083156
232390131732
74325164049
208783802391
74329358355
74329882643
188337520663
188337389591
214158557208
205512310806
202354196498
205508902934
205508771862
205508608023
25026101268
25026363412
25026691095
214171402264
25026887700
208722673688
25027149844
206660173844
232429715476
208809590808
206666203160
208814178328
116221657112
116221722648
116221853720
116221919256
25029246996
116700643352
116700577816
116700512280
116223098904
116223492120
116223688728
116223885336
116223950872
116224081944
25030033428
25030295572
187365457941
187365589013
208840785944
74357145619
208841572376
148714291219
157135880216
217446318104
86175825944
116682358808
116682031128
213164621845
82963333137
74796646424
117325692949
124842000408
124842065944
124842131480
117326217237
140164726807
71572226071
117332115477
50076844050
208631316504
207823945752
207825911832
208625418264
213205123093
202167074840
233614589976
233614721048
233614852120
213975891990
117725347864
117725282328
128083034132
128083427350
82988761109
157389160467
157390209043
82990727189
82991644693
209668210712
117352169493
117352366103
5992087571
82994397205
82994659351
217527091223
217527222295
217527353367
117355053077
117355184149
208944103447
112343351320
112343285784
112343220248
112343089176
112343023640
112342892568
50090475541
50090606613
217541246995
198214418448
50090999829
50090967064
50091130901
50091261973
213248114709
50091393045
100528373784
206811693076
120587010072
192458850328
100524572696
206816018456
192455835672
171386880024
217564315667
213920579606
213919268886
218209386520
69374017560
163892428816
83020546071
217579225112
217579487256
86244376600
86244573208
128122880020
206855208980
69366022168
217112592408
214381510680
112310124568
213880078358
206868054036
206868578324
112307437592
206873821204
198288343060
232648605720
198289653780
232648867864
83040927761
210644156440
206886404120
206889549844
167685046296
87342448661
74459840535
206900822032
213349433365
183285415960
183285547032
183285678104
183285809176
209064001560
208457252888
40033566744
100246224917
172574638096
87362109459
157544349715
140364972056
100249108501
131600580631
96167280664
83071336467
74482450449
228421632023
219835006994
218089979928
83080249365
218081722392
213785051158
239553282070
70204260369
227726639128
213763948566
219873673238
219127136280
213436858389
213437382677
102425690132
102427000852
102427525142
102427590678
102427787284
102429229078
102429753366
102430474262
208081371160
102431588374
102431981590
102432243732
102433030164
138297737236
209435164696
149300510744
209425072152
25073549330
98146451480
132506189848
132506255384
132506320920
132506386456
174821736467
207033729044
216934203416
192003178515
207040020500
192011665432
192011796504
192011927576
192012058648
93860134928
216919130136
96011812885
96014827541
25077743635
174852243480
112209788952
48588570648
98166374424
98166439960
67337027608
192198148120
117498314773
175013953560
174869446679
174869938200
50160336920
127234244631
128238223380
174872559640
174872952856
213659451415
170582343701
175004516376
225343553560
157700980759
175001239576
157701341208
222125883413
185623642134
174994817048
25082331158
185625870358
210421989400
25082920983
185635012631
208269426712
185635831830
99301359640
100337188887
100374233112
185643565078
213629730838
25084821526
232890302484
25085050903
100341645333
232896593940
232899215380
228605001751
228605526039
228605558806
228605689878
228605820950
228606214166
220018507794
213612429334
93907386390
91760361491
210381750296
163125018648
163125149720
91765080085
119683153940
91769667605
192127959063
192128090135
67360522256
214687825944
214688612376
207172927508
228605886487
228605493271
228604968983
93925015576
174964342803
174964867091
174967488531
214699884568
185711198230
213629534229
185643630615
174976139287
225369997336
99264004120
99263938584
235109842968
89640665102
67368910864
185630130199
174992621592
174993047575
174994751511
185623707671
232978645012
208169156632
208168763416
222125654039
81059119120
67373105168
225343651864
175004549144
208161161240
174872526872
207223521304
207223652376
174869905432
213667282965
213667414037
170721411093
217967067160
192198180888
192198836248
112209870872
192032866328
209388568595
202769235991
174852210712
209392205848
155709341712
174840021016
209402593303
216919031832
192012025880
192011894808
192011632664
222295228437
216934236184
89678413840
218020020248
208362651672
155751284752
208364355608
208369991704
213739372565
213741862933
52825112600
52825079832
52825047064
213745008661
52824621080
52824588312
52824326168
52824293400
52824260632
52824162328
233078652952
213437579286
191204933656
233082978324
198726909976
209467211795
225238794264
225238401048
233095036948
209480318995
209484087320
239550857237
6009143320
183717986327
6009176088
208037691416
6009208856
6009225240
221994352662
91670462488
91670396952
85419687960
85419819032
89716949016
85422243862
85422309400
85422374936
207350530072
85426700310
207359049748
219829305367
233130688532
221976002582
89724289046
155826782224
140364939288
39923400728
39923269656
198785499160
207375564824
89731891218
209064230936
209063444504
207389851672
198804635672
183285776408
183285645336
129223786520
183285383192
207407415320
207413968920
89750765586
218696695832
202588323864
202588192792
175217311767
115526860818
175219114008
207431794712
198842646552
112310140952
209588060183
67432349715
69368004632
102654541842
189202448408
207456567320
86244556824
86244425752
86244360216
217579454488
217579323416
217579192344
208538026008
214983000088
207470067736
69379997720
208553754648
208555720728
115553075216
217148932120
192453804055
197930975254
178233606168
192455868440
202760388632
52825063448
25572933652
189236658200
208962650136
24935137300
192459702295
137439707159
117725397014
117725364247
147368181784
217211207700
91938750485
117725216792
111640936472
100343775256
100341841942
100341776406
100336795669
6014271512
112342974488
112343040024
112343105560
112343236632
112343302168
112343367704
6014337048
54096035858
95753224216
96541999128
208944300056
115566444564
115566706708
95732498455
49583849496
95699370007
209660248088
116642529304
82994741272
6436061208
6436028439
6435995671
6435979288
6435962904
228992221198
6435913752
193902444568
6435766296
6435635221
6435569686
6435110936
6434062356
221054205976
198295158802
219360231448
174963294227
225034190872
69030739992
212860403731
212858830866
117554806802
209710743574
233297936404
198013091856
190693146648
117346877464
117346811928
117346746392
117346680856
223520751634
186608779281
208605265944
185950011413
185949749268
178571444242
175219998742
233614819352
233614688280
233614426136
208918216728
174963818515
174868922392
198947110936
174822785042
233307111444
157135667223
116683964436
206297399320
213206597655
112217554963
112216244245
112215982100
110713503766
207543599128
79840018453
185625477140
79839952918
233315762196
215062691864
53926166544
53921972241
209061773336
111969075224
160305250322
25760366611
25759842323
197886492696
210381701144
208625188888
8627929112
39923302424
187426209814
39923286040
206479441944
112367353880
222586077205
209046143000
74781425685
207824568344
208236511255
208038297623
233327820820
115590823960
115590889496
115590955032
115591020568
115591086104
115591151640
115591217176
115591282712
207428468760
139915935768
206667776024
198858965014
198755205144
170724278296
163125182488
233336209428
162470559761
207812247576
102603587608
124842115096
124842049560
124841984024
124841918488
198913032214
49464344597
40714993688
39924662293
196877991960
167498481682
5629083672
111615836183
86214967316
117747744787
87684022289
209726078999
33301135384
195519545368
195519447064
214024192021
195518529556
195517530136
85539291160
89834651666
110720106520
176654024728
176653107224
190410391576
87690838035
217527549975
217527484439
87691624469
87691755541
87691886611
25573982228
217527255063
217527189527
217527156759
228729028629
192201621524
198651133976
86244343832
137973432343
137973415960
74360700952
164655792144
208678666264
85550170130
222637850641
102429556759
85422391320
85422325784
39923417110
6017613848
209759109143
39923367960
39923351576
193902526488
39923318807
187365359639
187365097495
187364835351
198770753560
39923220503
196877746197
33301168151
33301069846
218793148440
188337586199
100589240341
131600547863
128237895704
116696530968
128237830167
128237731863
128237699095
111581593623
111581003799
116224065560
116223934488
116223868952
116223803416
116223737880
116223672344
116223606808
116223475736
116700528664
116700594200
187364868119
153528303632
116221902872
116221837336
116221706264
116221640728
98506113045
205487603733
205487734805
205487865877
208254140438
214078586901
144954884117
144954097683
224919371800
74108698647
118005956628
74108780568
102663913494
98590572568
206811955220
50448957464
210381586456
218382172184
87816667156
112342908952
34187313174
141075939347
218387152920
232385003544
115637551126
115637616662
115637682198
232384905240
77388054548
115639320596
86232530964
227665903640
225219444753
214158802965
198760824856
174868201494
174830125077
40789540888
225034272792
218591739928
128835354648
128835338264
208780853272
192039223317
110671577112
174820687890
163125280792
98653634583
98619605016
186564739090
98581479447
40714895384
115650592788
115651379220
216919162904
115651641368
216919113752
115651969046
216919064600
208439623704
216918966296
224863977492
161602404374
209832640527
74319806488
74319740952
128083296277
207690874904
110760296470
110697644054
115656359956
232385036312
47211282454
206617722904
206618116120
100625743895
222125817879
209841160215
208758439960
219495039000
213350039576
212940619795
185572786192
185556008974
185522454541
29452402706
185220464650
206459682840
178233327640
178233311256
207676063768
233473048596
160717340688
186985218066
71645003795
207672918040
233476718612
74811703316
66785902609
233337258004
224890716180
224890978324
110721892374
178610241552
25617416216
207426420760
67498410004
207377498135
134187630616
96342638611
67498737686
202376216595
67498868758
198903201814
2237071383
198816530455
198685753366
197686460439
197688655895
174977122326
228605919255
117879865363
112312254486
98719039510
96349454355
98646130712
208722657304
98585067544
34168684568
213014872086
96001851411
214177021973
83927105557
208809607192
111618474008
40351825941
34143731731
160994164752
160980008979
25079562264
6207569939
206667792408
205508870167
202167353368
198918144023
198677528599
6206193686
6206062614
5374246936
209893556248
115685195794
100653203477
207376220182
212788051987
112486416408
98691153943
54175006742
92507471889
83690504216
214644883478
214377234454
115689390100
213801238549
207179481110
206795538455
174862368789
115691028502
52824604696
159597461521
115638009874
115591872531
8690728981
115692142614
115692273686
224639057940
206495809556
187151384599
115694370840
115694436376
115694567448
214208479253
72746008592
100663033877
186657931285
186657800213
112508534804
213874999320
47201189912
112478830616
77495500824
157135863832
71750631448
47188770840
25649741843
111647031320
112481714200
111647014936
117890875411
111646998552
216373526552
48588554264
48588537880
48588521496
229245304856
229245288472
229245206552
229245190168
198853115928
190410473496
195289366552
192011763736
192011681816
198917226518
192011567128
189202923544
2220752918
24753569815
189202841624
189202825240
189202808856
189202792472
228095164435
189202743320
189202710552
189202694168
189202677784
189202661400
189202579480
189202546712
189202530328
174857977878
229278580759
229278842903
229278973975
95734611992
189201367064
98534948886
189201350680
189201334296
189201317912
189201285144
189201268760
189201252376
189201219608
189201203224
209957814295
189201137688
49583865880
95731138584
49583833112
49583816728
49583718424
49583636504
49583194136
95727927320
49583144984
49583128600
49583112216
34168881176
34168864792
34168848408
34168815640
34168782872
34168717336
98543468568
34168668184
34168635416
34168602648
34168569880
34168520728
208625532952
34168504344
34168471576
34168438808
34168422424
34168389656
34168373272
6438256658
133601214488
98548318232
133601198104
212914995222
133601181720
133601165336
117876719635
233474097172
233606742036
233301344276
208364716056
208073654296
202167320600
202167189528
207340011544
207264546837
198870630422
233614344216
233614475288
233614606360
233614737432
112513302552
112513368088
112513433624
112513499160
112513564696
112513630232
50351570964
112513761304
112513826840
117883011091
192192184341
24853872660
233619849236
72789000210
91062534160
117887205395
125704470552
233627713556
78347632662
207861448728
66965209106
66909110291
34173878293
98564046870
232006877203
206450982931
186726219794
233635053588
111658336280
98565423126
54175072278
202167107608
74108862487
232652406805
223653822487
223653789719
98568896534
223521800211
223519703058
202134978583
222104616984
98570534934
222104600600
72801583122
222104584216
202132619287
202132193304
222104567832
222104551448
222104502296
222104485912
222104469528
222104453144
207882289168
98573156374
222104436760
222104420376
147368001560
222104403992
227210690583
222104371224
222104354840
98574139414
222104338456
74220322840
222104322072
222104305688
222104289304
222104174616
222104158232
74218946584
220962406424
220962390040
220962357272
220962258968
220962242584
220962226200
229366824982
214461775894
214378774552
121458278424
121458212888
96433340437
213954363416
96433995797
213659566104
213659549720
213659500568
213659418647
213658894356
212845494295
233673064464
212845723667
212845592597
212845576216
98585608216
206385709080
212650164242
208539549720
87851794449
207000403991
207000240150
198874185752
217579241496
50368872469
207000109078
206999978006
6027214872
6027247640
206812479508
220804939794
206812217364
67549790227
6027313176
206500446232
207456649240
67550314514
219566374934
206458585112
6027378712
204454527000
204267110424
204266930199
204266913816
6027477016
204265439256
198859243544
198858833942
198297255954
218670563347
198296207378
198294110226
198293061650
198292013074
198291488787
198289915922
214377431061
195289399320
195289382936
198853083160
195289268248
6027804696
195289251864
193662418965
214380838933
6027870232
190622859286
6027886616
6027903000
6027919384
6027935768
72833564692
98603040792
187365392407
6028001304
6028017688
6028034072
187365261335
6028099608
187365146648
2216329239
98605793304
187365048344
187365031960
217094488088
187364999191
233718153236
187364982808
98606514200
187364917272
233719726100
187364900888
92165636111
186989412370
186988363794
186987315218
186986266642
98608807958
186984169490
98645442582
186982072338
186830028820
186829226008
98611232790
74183491608
186829209624
72842477588
186829193240
186829176856
74182574104
102907314200
186829144087
186829078551
186829045783
206470905877
186784350230
94380228625
86895493137
98614837270
186784202776
98615230486
186784153623
208963272728
207411953688
229442060306
98617196568
208963289112
186762985495
186569981970
186568933394
186567884818
186566836242
207404875800
186566705173
186566606872
98620538904
198815973398
186566590488
116666794006
186563690514
183285432344
183285825560
181701443601
181686763539
180393869330
98624471064
178060525592
6014255128
98626895894
198798032920
24956993559
98628206614
174972272662
173720731666
125704552472
125704486936
125704421400
125704355864
39766999064
171788206099
78355890194
24957943828
207381020696
214440738837
67095232530
198790299672
86921445396
171147460632
47177728022
171147345944
171147329560
171147280408
134187597848
170760601618
98634367000
170758504466
72865808408
233078734872
112312188950
74158194712
140364988440
208442818584
157546168344
220896296982
157137616920
157137534999
120113004568
157137502231
138688331795
67310714899
128115015696
127851692056
127851642904
198770769944
127851560982
213659631640
120113020952
98642231318
116718895126
207358607384
116718829590
112602431512
218091667480
206951170072
116718305302
98644721686
116718174230
208075620375
214469050389
116700692504
116700495896
116696514584
116696449047
127234310168
198755172376
98649243672
116670857235
198753730584
24907350036
186562641938
198748749848
214483206165
111537750038
214485172245
98654224406
112602660888
212700004375
233819078676
112508272661
112488218645
112488087573
111542337560
207327805464
112386474008
112386441239
112307732501
214495658005
50163220501
98659860502
111615803416
111545352214
111550922774
225238581272
111550070806
111548432406
111547088919
111547056151
110781136920
110615363607
110615330839
67585900566
107551375384
107551359000
107551342616
111550529558
98665955352
98666217494
186593968150
107551293463
68759617560
72898052116
107551195158
72898314260
111552561176
107551162391
107551146008
111553937430
107551129624
111554134040
111554199576
111554396182
111554527256
40277409815
98671984662
111557804054
111557935126
103606321174
232648802328
208369942552
103606190102
213222948888
229558452242
111559114776
186610876434
98674802712
96608452628
95723307032
111560294422
111560359958
95723290648
95723274264
79944826904
79817605136
149304557592
74796679192
74779197460
50413600792
50413633560
50413666328
50413731864
50413764632
50413797400
74108829719
74108813336
74108796952
98680504344
149300494360
74108731415
74108665879
74108649496
72900935700
72900673556
210247745559
72900149267
72899100690
72898576403
72913518612
92241657875
72897003538
72837693463
72837677080
2219048982
98685812758
73990193176
73990258712
73990389784
73990455320
73990520856
216934187032
72837562391
72837496854
71879753749
67532357656
98687909910
71824048149
213437054998
68239720471
68239687703
68239654935
68239622167
192011812888
192011943960
192012075032
68239556631
68239491094
68239228950
54175596566
54175465494
54173892628
54097084434
54094987283
198663946264
53786705938
186651770898
53785657362
53784608786
53783560210
53782511634
53781463058
174842167320
53780414482
53779365906
49462247445
47201255448
195245473815
118024306709
195245899794
40277377048
25524437012
39973290004
39972765715
25524174868
39921631256
195249045522
195250356246
8627945496
174852259864
198651101208
74093510680
25698893846
210289262616
25079709717
6010437650
5412225043
208310042648
223801770003
214586359829
214586621973
213827321877
213206630422
212855816213
198755188760
206689009681
111590703126
192198131736
208149020696
175006089238
161058717718
111828369432
174865383448
111666888728
94413520920
67607986192
175013937176
94414176278
94414241814
91229388821
174869954584
207223734296
219103330328
98710388760
174872576024
174872969240
214747693080
94484070424
213206564888
111597322262
174876377112
112735961112
111598043158
92265332760
175004499992
210310791187
225343176724
111598895126
79939321880
157701357592
79939256344
68240375831
186694238230
111658369048
111602237462
174994800664
111656796184
111604989974
111605317654
156638773272
198788317206
210421973016
191450054674
111607611416
101770330133
111650635800
99000254482
174981038104
111649718296
111649652760
111610429462
98167816213
98167717911
111648604184
111612592150
89829408786
86931931156
229668552722
98729000984
186784317463
186784219158
186784055319
186783924247
111615016982
90140573718
90140639254
111616720918
111641198616
111618818072
212543537174
233494282264
233337520140
50451562520
134188318744
134188253208
134188187672
134188122136
134188056600
134187991064
134187925528
134187859992
134187794456
134187728920
134187663384
134187532312
134187466776
134187401240
134187335704
233001975821
111638708248
96605995031
222419861528
111636611096
222003298328
111635955736
220713697304
112698441752
112699162648
92811427861
210429050904
210421956632
208816242710
210421301272
186753482770
111629074456
229703155730
111631204374
210221907992
98741682200
210176753688
83716997141
50448564244
210143838232
112699129880
98664235032
210364039192
225416314900
112698408984
186763018263
229712592914
209987829776
111635922968
111636578328
209668227096
96605831189
96606027799
209465409559
134187368472
134187434008
134187499544
134187565080
134187696152
111620423704
134187827224
134187892760
134188023832
134188089368
134188154904
134188220440
50451578904
208247324696
210395201555
209064362006
111618850840
112692510744
112692314136
111618457624
111618129944
96610287637
209063723032
75327471640
209063378968
225446166552
207123726360
98760130578
213172092948
29521870869
133089034264
133088968728
186783989783
186784120855
209046093848
111646277656
208964255768
174977433624
208962437144
111648571416
208949051416
111649685528
207112978456
235109859352
161058881559
208842752024
111650603032
111609151512
208841998358
50457214996
208841474072
207105769496
207105638424
128834863124
174992637976
186804174871
195289317399
111656239128
208814440471
208809885720
220896231448
189916987416
189916856344
186694828054
189915676696
186693124118
111659712534
214521610264
157701160984
186691420182
229761875986
186691125271
208723083288
208722690071
175004565528
229766070290
24977850392
208631398424
186818494486
208629547032
94484103192
174872510488
117492940819
208627564565
171789516821
208627531799
208627040280
207223668760
174869889048
175014002712
210447204376
174867660824
208300146708
208626483223
208625467414
174865432600
161058652182
161058783254
207229567000
186828980246
192198197272
171797905429
111669018648
156766306324
208597418005
98703343640
39730413589
208554213400
208554164248
34218835990
208603349016
192032849944
208539598872
198653526040
112343154712
209392222232
102665027603
208513482776
208513384472
208513351704
175219081240
213339865108
195245408279
116223574040
208497082390
208497016854
2227961876
208483844119
174840004632
213452816408
208451518488
216919048216
98719825944
208446308376
208437346328
39736049685
111538929688
129223753752
208335274000
192011878424
192011747352
192011616280
208369958936
25635061780
111538978840
207042854936
208369909784
216926781460
24857313303
96542031895
208312647704
228605362198
208299622419
208297836568
73990553624
73990488088
73990422552
73990357016
73990291480
73990225944
73990160408
208230547478
208078012440
198684459032
189021814805
207944368152
110696071190
207812837400
74360619031
2214789143
207693250584
103105429524
149302525976
50413617176
207586050072
103107002388
207455993880
207362375704
207362359320
209438883864
207361146899
158695718936
103110148116
207358787604
207358722070
111559147544
103111458838
207357853720
212664844306
208369877016
208370008088
207353954328
207353544728
207353004056
191193415700
208079224856
2215116823
207350661144
98670182424
207303753752
233078685719
210222645271
111554232344
207350169624
191199969300
207346335765
111552790552
111552593944
191201804312
2215215127
207334014997
77349519380
68759781400
186594033686
186593869847
186593771542
207332950040
186593116182
207326248984
98664218648
99297656854
207300067348
219127185432
207264415765
212685815826
207244820504
2215378967
77353975828
131040280597
207233204248
225238777880
225238384664
53807677461
206855553048
206618198040
206618181656
206618165272
206618148888
206618132504
2215510039
206617755672
206617739288
68522901528
111542370328
206616494104
205510934548
2215542807
195518791702
206442184728
68769808400
206386216984
206386003992
206290124824
198843564055
111538962456
111538896920
33835778071
198763085846
209484103704
208410771472
192195952664
192195919895
192195854360
198748946456
185640681494
185640157204
183717625880
199826604052
232613675032
176651665432
2215804951
212715175954
207346483224
98648162328
161010548758
227750182931
210176606232
210175688728
207351070744
77371015188
156638707734
207354216472
149373829144
208023912472
112694001685
68783439892
25591742486
149304623128
206285570069
72871804952
72871739416
72871673880
72871608344
149300461592
207362211864
149107507216
24810094612
141402226712
90731184138
120113037336
33839644695
33839710230
33839693848
220896591895
141077512209
65532854292
140364922904
141075546133
141075480598
103149076502
139275403287
208446291992
111619735575
206301954069
100625940504
100252254230
209394466838
103152615444
99297198102
112207855636
98688352280
210143969304
186983120914
125704388632
125704454168
125704519704
125704585240
98614181910
95641387032
98601828376
98590146584
98580660248
98624700440
98580234264
227795271699
98545516568
98624176152
98146517014
97710505994
77393297426
183285760024
183285628952
183285497880
183285366808
205511458835
95026151440
33843838997
94413586454
39771439125
98620440600
206328954901
93952409610
39771963411
91769798679
207974629400
141402210328
134188007448
86171713556
85630910474
2216787991
67511517198
67226304526
198819463192
98616705048
5805342743
49727668236
49519886360
49519853591
34175189007
25512640532
24965480470
24924651540
24924389396
24924127252
24923865108
102907346968
206886486040
24923340820
24922292244
74183393304
2818572300
74183524376
2235400215
208495443992
2232352790
2231566358
2217050135
232649080856
116223377431
232648818712
2226585622
2225078292
151435149334
78347075607
233636888596
2223767572
2219114518
72837726232
72837660696
2218786836
2218524692
2217410583
207430631448
217094422552
2217377815
198841483288
210288836631
198842662936
227833544723
2216624151
209018470424
207944351768
225689468948
2216525847
2216296471
2216198167
83855540245
2216165399
227838787603
40277442582
208512221208
210397167639
74194075672
175005958166
174860992534
170724245528
161057701911
161057669144
161057603606
160636043288
157271457815
232006090775
206858829848
122999865366
122539999256
101351424020
98713993239
189200859157
189201383445
189201514517
189201645589
189201907733
189202038805
189202169877
189202300949
96542064662
207456714776
49482563604
40033189911
205508444181
217579438104
217579307032
25651314708
208537649172
5625020440
98588786712
225420247060
111620390936
223665979415
98587541528
212802994196
186735656979
186590953490
174878113816
214988750869
214988881941
69592875030
98583543832
69258248215
98583216152
229681889304
229681594390
205511327765
232175829013
210046484503
232176091157
232176222229
121458245656
207861497880
207861481496
217148555284
174860976152
204521898008
229366595607
40715042840
202167173144
202167042072
198791462934
68849500178
191783682072
206588805142
189262200852
74218913816
8627748888
83882934293
217156026392
74220355608
98171617301
191390285840
111564161046
83065045011
49489772565
49489641493
223607128085
202134913047
40246181909
208485023766
198819446808
198666289174
140344688661
100572594200
90333773842
24957026326
213202763794
223616303125
209658298392
220752183318
223617875989
157047062548
192124813332
198732529688
198732513304
95704825880
198732496920
84399882259
98564145176
195289284632
195289153558
195289137176
195289120792
195289104408
208591650840
195289055256
195289038872
195289022488
227919527955
195289006104
195288989720
223626264597
195288973336
195288956952
195288924184
195288907800
195288891416
206449278997
217186828308
192404258836
75308990485
186747191313
117874098195
117347713044
232226029585
68752408600
186611925010
112588881942
112514252824
112514187288
112514121752
112513925144
112513859608
112513794072
112513728536
112513663000
112513597464
112513531928
112513466392
112513400856
112513335320
112513269784
233614540824
233614409752
202167255064
111822110742
24863834132
74822189073
112510582808
70044876818
68960763928
25079578645
68875452436
111825059862
39806828566
212912046102
102608404500
111561211926
217210945556
75321311249
223654445077
111828336664
48588652567
134187761688
197887000597
96563363858
218565607448
90354745364
98545991704
229631852562
40766341143
98544877592
68882006034
118025977880
118025961496
118025912343
5558452248
225343668248
186690174998
186691485718
98542321688
178568298514
2219180054
178569347090
223665848341
223667027989
111602368534
95731367960
95731957784
219381334040
111607021590
98703474711
111607283735
95734120472
229278908439
229278777367
229278646295
229278515223
67616374803
111612330008
133088935960
133089001496
2219573268
227981918227
47201730584
214431432725
178136416280
47219605528
111618359318
111618424856
107551260696
107551326232
227988209683
111620259862
47220654104
47220686872
111620440088
223694815253
107553751060
25758269458
98737586200
84328448022
214381608984
125366648856
191036129300
47188787224
214381592600
111554560024
111554543640
111554150424
95748341784
163124887576
77495271446
77495468056
112478797848
6319374360
225402945556
225403731988
6319456280
186593345560
163132211219
163131965464
163132096536
214381559832
208841785368
111548006423
25761415186
208840343576
115694600216
115694534680
115694469144
115694403608
103270842388
83944800271
223722078229
95756075032
111639658520
115692240920
95756992536
214160703510
111641165848
47231303704
47231598614
40789311512
40789377048
40789409816
111642411030
40789573656
219434287128
186778386452
213756018709
186593624088
210181488663
95764201496
217297715220
213003403286
98986622994
206564360213
208814391320
111656763416
111656960024
47239790614
5515247640
5515264024
174840070168
5515280408
174840053784
5515296792
5515329560
178136285208
5515345944
50413682712
5515362328
111618146328
111618097176
47219638296
111618867224
68928143378
134187958296
24696061972
195325591570
156766830612
79668183059
228054269971
189470294040
213026603026
208312565784
215233544216
83706773524
174839955480
77528563730
227650043923
98617671704
90152370196
111554166808
111629041688
24700092439
77328023572
228077338643
24700649494
40715075608
24701042708
24701304852
90419167254
90419298326
189021028373
219086979093
224598163475
24702353428
208768385048
225238614040
98602680344
103105167380
24702615572
111635972120
98601222168
189030596629
98600124440
206616084504
232385101848
232384970776
70899466259
49408901136
24704483351
208767287320
77345062930
77542195218
206622425109
111639789592
24705368086
47230746648
98589818904
207701426200
115654000660
40789082136
40789114904
40789213208
40789475352
40789508120
24706547732
204483854358
204483985430
191207571476
25763217431
131039756308
207669755928
207669493784
112698425368
24707858452
98580267031
229366890518
208788258832
229366628374
214703947800
98578235416
186788085780
98578038807
112698327062
208268148760
111649619992
2215084055
210175705112
77365248020
210415255575
197684625431
197684887575
228126621715
197688557591
116211580948
98564128792
5515313176
112476143640
103146979349
208722509848
33839677464
101000921112
112474456086
218381975576
218381844504
218381713432
187334393870
202367827987
233614802968
228138680339
24714674196
66609741840
39767113749
206459715608
98548662296
198855163926
209893572632
116221542424
116221607960
116221739030
116221935640
116222001176
116222656534
2222194708
116222787606
116700626968
116222918678
221707763730
98545532952
116223508502
116223639576
98517581846
90280296467
98542256152
228160176147
79721660435
5519179795
228166467603
187365163031
187365425175
137974120469
148713504792
144419454998
148714815508
111939944468
111940206612
5932646423
74360733720
74360799256
232723382296
183081369616
209748819991
74905239576
74905124888
74904649752
83854622741
209928437784
33311326232
33311375384
33311670296
33311686680
33311703064
212807450644
33311752216
33311866904
33311899672
33311916056
8602599448
33311997976
33312030744
33312047128
33312096280
98666807318
111947022356
111947284500
24723849236
77421608979
24724111380
189200990229
189201776661
115694452760
176653959192
115692503063
216934219800
2222981140
24727257108
48588914710
232176484375
187401502738
73301229588
227886497811
111956983828
111957245972
124841885720
124841951256
124842016792
33318240276
70898745367
134187941912
39796604949
73306472468
202132652055
208888922128
90332725267
115591315480
115591249944
115591184408
115591118872
115591053336
115590987800
115590922264
90334822418
214519480343
212703641619
78345404438
198960807960
197886689304
69019369490
207829352472
98588049432
207830269976
2223505428
215062757400
217195216916
207833939992
232229175315
202167271448
202167304216
209983881240
213205254166
69023301652
198258458643
111973564438
111974023188
67364716560
112486400024
98583527448
198946783256
232240185363
233614360600
233614491672
206460239896
233614753816
144497016855
117725298711
117725233175
210415353879
232244510741
174843723799
197886623768
117346713624
117346779160
117346844696
117346910232
174843691032
223661015064
208770793496
75326799896
75326750744
75327324184
157389946900
178570395666
171448696856
208594714648
172132139031
210006294552
117352415256
193902510104
208591568920
207861465112
82994708504
82994774040
217528401940
206501576725
112481533973
207866970136
74759798804
198921355288
232564457493
232564588565
209657692184
72068694038
206504345624
208945807384
208637722646
112343334936
112343269400
112343203864
112343138328
112343072792
112343007256
112342941720
112342876184
69365465110
223607472152
197931171863
217261015060
207866986520
208678649880
223715131413
206809858069
197935562774
68245356567
209752064023
214046654488
77504446483
217156075544
192459735064
34208940056
208564174872
208562733080
209634000919
86230958100
217148866584
78349074454
209632559127
157700882455
69052399636
232176566296
232176435224
191792939028
232175779864
2224554004
208553426968
204420513816
197928747030
208716955664
197928157204
206310359064
24747966484
219460681752
74425483288
197779783700
197702451220
213028175892
115591299096
189409132565
115591036952
115590856728
197699305492
197691768855
90282393619
214983065624
24751636500
218202538008
72025456664
217578733588
198874169368
217579257880
197686099991
213350613016
186593329176
198948225046
148630896664
134187876376
86244327448
86244392984
86244524056
71099744275
206619770903
207456895000
197679382550
189202907160
189202776088
189202645016
189202513944
152936906768
33344045080
33344258072
33344274456
112218341396
206377664536
197676695574
232625930261
232626323477
218670153752
74905190424
208518692888
53807808534
33311342616
53807939606
86252453908
33311621144
204494864404
33311883288
24756912151
33311932440
112310108184
24757403668
187371651096
100528324632
100528308248
147367985176
49516773397
49517821975
49517854743
112307421208
49517920280
192455852056
186593378326
53813444628
5557059606
198897106966
24759238676
191841304600
33348845592
24759762964
185649332244
116219969554
207477571608
116221673496
116222066707
116221870104
198884392982
116223246359
116223623192
208498376728
116223754264
116223819800
116223770648
198833668120
116223836184
116223901720
116224032792
116224098328
189497868309
202588127256
198879543318
185647235092
86263988244
206886535189
185646972948
209562271768
209561255959
24957157396
185645006871
148713242644
68989992984
208842784782
68991582227
161603649558
161606271000
207974580248
198853066776
69093031956
2217132056
209052499984
209580900376
185642516500
183285317656
183285448728
129223819288
183285710872
175219097624
185640091670
40583381016
40583348248
5794562069
185637011476
198834323478
185636487188
185635897366
185635045399
207389786136
198799720472
5794693141
219614134296
198798016536
124842082328
77443629072
39796736021
71162658833
198791725080
207380873240
202137272341
202138451989
185625214996
90335870994
185625051159
39921549335
39921614872
5795086357
228405018639
134456279060
221797154836
208446210072
219652554771
111554183192
157542514708
8627765272
208917495832
8627814424
208918020118
39923384344
140364873752
157544874004
157546315800
111973761044
86290726932
39924531222
24977080340
39924596759
89724387352
208015736856
25521946646
157554835472
207358591000
86294659092
232580448275
103111720981
75327340568
103111589909
218091651096
205510737943
207353348120
69117804568
198751354902
198751223830
206806581269
85422473240
85422342168
89716981784
69119508502
207345483800
85419851800
85419786264
85419720728
85419655192
71033798680
91670429720
91670495256
207343255576
209488773143
209465983000
198748733464
140396199960
2226716694
207311765528
198719471640
198719242262
207333031960
217579356184
217579388952
218069237784
102425952276
79803973651
202553425941
213740371992
213740322839
229278482455
86246686740
2226847766
176676536341
99299622935
207327133720
232626061333
99297394710
151400349717
211275841560
207324512280
71280099345
198732480536
2226946071
88461148181
225238597656
71225573394
88461541397
209466884119
25595478038
198682935318
132506337304
78347698198
209027334158
232648622104
232648753176
78347239446
206992048149
198672842774
149012086804
39938162703
213436989462
191204868120
191204737048
213437513750
78344552470
233078718488
198666027032
78343897110
191201984536
191201853464
112513990680
78342848535
112514039832
224179388437
52824113176
52824145944
52824178712
52824211480
149019426832
52824375317
52824309784
112514056216
112514220056
208074981400
52824571928
52825030680
52825096216
52825128984
112514154520
98699575318
74896637972
74894278676
198653050902
101356666901
208370057240
208369926168
33379975191
208367566872
25629294612
192198803479
79838576660
49583226901
49583620120
175013969944
49583882264
49583915032
49583947800
25627557911
175010775063
175009480728
116221968407
221960077336
25624576019
206930706451
175004532760
149300477976
25603342356
124002205719
69118787608
25596526612
25596002324
25595740180
8616329240
25595609110
208347643928
25595543574
174822260756
216934957080
174822522900
25594789911
174823833620
174824095764
209416421399
92781740055
95120982038
70305202200
25594429460
40715026456
207041724437
192011698200
192011829272
208334929944
134187581464
213487714326
232752283669
25584992276
25584926742
202754850840
25584893975
216919097368
34218967062
202757210136
213436596244
209144774670
198656983064
202764288024
2228224020
202765860888
163990503448
163990372376
5799280661
228606279702
228605755414
209211883536
198651084824
192032800792
25561989143
214481109013
210289279000
208308584472
25553010708
214747660312
192198770712
232844689425
192198115352
208149037080
100334796824
73475555352
111538864152
174867611672
175013920792
100332355608
213487452180
174869839896
207223717912
207223586840
139577835544
175009464344
232864022550
222104190998
175008415768
25547112470
111656271896
162076508184
24809308180
174872543256
175004483608
25543966742
24809832468
174869479447
157701373976
25543311380
189913497621
116222590998
53817114641
50157273112
98166456344
98166390808
98166210583
24811929619
68981620753
174994784280
79928819735
174852227096
79929409557
24936448020
79929933845
24812716052
157700947992
239553216536
225449394200
100334551064
95757598742
202818191379
5934940176
99262922776
25534136340
5532286993
207112994839
79936487446
98685616151
220001730579
99263954968
209266409488
25531514900
25531449367
100340449304
174970437655
185649856535
228605132823
102429589527
79951495190
25528107031
25527582740
228605296663
228605427735
102429638680
210398150678
220019556371
220020080659
25526468630
25526337558
39973552148
25523978262
25522077716
5806620693
93920329752
25519718420
79948546069
220042379288
202870128663
25519128598
25519063062
25518276631
39981023253
79962177558
2229534740
211275939864
202870865944
39975911440
235109826584
192128155671
192128024599
207171354643
25510281236
79966109718
162078621720
163132162072
163132031000
217891766296
192119570452
196415062038
232648671256
25509167126
175009431576
25010896919
53945040914
185711984661
163125346328
163125215256
163125084184
163124953112
192126386196
208220241944
192466124820
192127696916
25506480150
208218538008
91748302867
192129269780
25006964756
25503268887
192132415508
39980892181
209395384342
24930418708
25026756630
25026625558
228605624342
228605460503
228605329431
228605067287
228604936215
221960159256
174968012820
111554215960
25011421204
25011159060
99296280598
99296346134
175013986328
175013888024
185648218134
170724261912
185645858838
79971745813
48588029975
185640058903
185639927831
39987445779
100375576600
84295024657
174980988952
210414714904
99302572054
24955125783
213345320984
99303358486
39988428822
99304275990
185633144854
24832638998
24841551892
214100574232
101582618648
8627830808
208919035928
185624985623
24896339988
24976818196
24976752662
24976719895
105892413461
24975507476
101458640917
103606124566
103606255638
101458903061
2230583316
232647491608
24975245332
157701013528
121458163736
5805375510
175004450840
24971673623
213659516951
103609532436
24962662422
75326783512
24962400276
66853699608
24959254548
128237928472
24958205972
50160451608
127234342933
50160353304
174869872664
214156705813
24957419540
210447220760
174867644440
103613988882
174865416216
24860688404
208149069848
192198082584
144955015190
208305930264
217579208728
174860959768
192201359380
67337043992
95121113110
48588685336
84328316950
84328382486
112209887256
233078669336
192032833560
198721552408
2231107604
112214147092
112214409234
112311926806
149266890768
112215457812
112215719956
206817918998
2233991188
112216375318
112216440854
170308354072
24904466452
174839988248
202754654231
24895553556
24895291412
24894767124
207340437527
112220700692
112220962836
192011862040
192011730968
222295359510
6027231256
224672088081
105895346200
149284192280
24893718548
101529813013
24893456404
170759553042
24893194260
112270442520
112271032339
79800827922
110612447256
24704811031
134187810840
132506419224
132506353688
132506288152
132506222616
98146484248
8675622936
117346697240
163125395475
24891097108
41107456024
219091681304
207377137687
163132014616
92251619347
47188738072
213043331096
2231631894
206591295512
183285579800
2219245590
67101523986
24883757076
2235564052
192127991831
24879202327
209710546966
219103346712
192465600532
24875892756
2233630743
112294101008
208369893400
208370024472
206546173976
24855969812
24855445524
192382238738
88677007384
40328806424
208077897752
185943982097
110777303063
213170192407
95121309716
2231959574
95122489366
95122554903
185950142485
191201820696
205487341588
191204835352
120836325396
222674550802
141079609368
2232123415
5807144984
5807161368
209343479827
213223063576
5807194136
225238761496
5807210520
2232221718
84396212243
24839192596
24837095444
209403691032
74360651800
224628572179
197886509080
24811405332
49824022552
2232418324
24830410775
208829759512
112256352272
95714410517
95704662040
214848061464
218209058840
112327524374
120849301526
84413513747
206668726296
40328790040
232176418840
69507481621
105892282389
105893068820
2232680468
24894504980
192465338388
71540146194
233078587415
112268935188
24726208532
24725946388
112269459476
5808586773
40030437395
228421009431
223801147416
24702091284
112273129488
41138978840
24696586260
218103152664
198946832408
232704770072
72025407511
112206807060
88655527955
69328961556
40033222679
40033255447
40033288215
40033517592
40033550360
212821606423
2233204756
48591208470
207559327759
112513957912
207385395221
73720922132
206668595224
73721184276
209062756376
204420497432
101356847128
208471080984
183285743640
183285612568
129223770136
183285350424
163125329944
110640447512
2233466902
239560425493
5628854295
202769334295
116684226580
207974613016
194522382355
100524556312
2233597975
192466386965
54171271188
95751929880
40328822806
203319410711
71496368149
40328773656
40328757272
24813240340
206886469656
158234279960
95120654358
95120719894
95120785430
95120850966
95120916502
95121178646
95121244182
95122096148
202588225558
202588061719
165549719576
232649064472
69081120792
223688720406
198657015832
110769553432
112723378200
206501773334
214703177752
84389920787
112307404824
202757177367
213878833174
93909418002
33473036309
205508673560
95730090008
208237297687
205510672406
112310091800
214100475928
214381576216
189915856917
208516562968
24885329940
225446182936
112314548246
74360569880
98166407192
95754469400
214371483672
2234253335
95705301015
86913679383
206688944151
177621958675
44348211221
206459797528
33346289686
207922184216
220696772631
86244540440
86244409368
216491229206
189915201557
233685827608
217579421720
217579290648
217579159576
24889098263
67973087254
112324247572
118025994264
112327131158
112327196694
213920514070
225270824978
225043283987
228604903447
213924446230
213740404760
69870813202
112699113496
163125264408
223698780183
24893980692
232176517144
24894242836
208964059160
110719746072
100524605464
192459046932
192459309076
24895029268
120586911768
217156042776
214983016472
192464289812
40063991820
195651387416
110711423000
91227815957
100528341016
100528406552
192465862676
81054924816
233078767640
233078751256
50090983448
229244928021
229245059093
116637564950
217112412183
112342859800
112342925336
112342990872
112343056408
112343121944
112343187480
112343253016
112343318552
112344432656
208944168983
233078521878
189236756504
216457855000
207867002904
34095497236
112482713622
217527418903
217527287831
110623522840
217094504472
87090790420
25509101590
71686881304
69033213976
75327291416
198656999448
212924055576
229278875671
225034158104
88731680791
197700354068
165653135384
116649885714
125382557717
219661139990
95121047574
116650934290
233614786584
233614524440
233614393368
208917790744
111562391574
202167140376
72037695508
88883593235
82296111126
69024104472
110671593496
25530204180
68245323799
112513695768
112513892376
112513843224
112514023448
112514088984
112514285592
121458262040
116660371474
5555027990
102429818902
74158129176
54080323608
116661420052
116661682196
110660304920
110660059160
95705481240
208631906328
202350002194
112218079252
202167156760
233614622744
110655389720
110653898776
205511229464
116666662934
116666925078
116666990614
116667056150
116667121686
116667187222
116667252758
116667383830
116667449366
112372744210
116667580438
110649704471
8715239448
232649031704
124842098712
124842033176
124841967640
124841902104
229366956053
110644051992
116672430100
116672692244
73723805716
112539926550
223757729810
141083377687
95361826840
80335732757
80335716376
116677148690
225099513877
224768557073
206666219544
88934973459
198719455256
112386375702
88937070610
116681867288
116682194968
34209218584
208917037078
98312126484
95122587671
112388997140
111549218838
116685275156
219082194966
207328624664
74360586263
116222885911
228929306640
187372126232
228509876240
110608941080
187371995160
229245321240
137973399576
74425499672
183285481496
111567372310
208836526104
34005319702
34005385238
228019519512
71785775124
25596264468
175018672150
207995797527
219434303512
190444077077
116698120212
112735977496
2237005846
116224114712
116223983640
116223918104
116223852568
116223787032
116223590424
116700479512
116700610584
116700676120
2237136916
71604502549
85238743061
95416942614
88975343635
220896411672
116222017560
116221952024
88975867923
116221624344
116221558808
207634825229
99715383312
218700709909
205488390162
208814899224
214501031959
206667055128
41269461016
161026490392
213815689240
210412503059
153944064019
25620381718
141075677204
209588092951
208723001368
116711227412
116711489556
171147362327
209060954136
205508968470
205509328919
116223410199
205510410262
205511294999
232415625240
67049095186
229598298130
186593558552
34061549591
214158622744
188337455127
101891440660
116718043158
116718370838
116718436374
116718501910
116718632982
116718698518
116719026198
228112367639
206172061716
208783835160
112692461592
102426738708
101582635032
228605100055
198789955606
91167391761
223133138968
132525326359
223133564952
213487812631
73990324248
73990651928
86913613847
208371384342
177621434387
74319822871
74319757335
115568541716
206730690584
206617640984
201245851668
105895411736
208079241240
232385085464
232384954392
233114828822
207685599256
112327327767
213953282070
25688014866
78306476056
216739086355
115637485590
207699968021
111552757784
205512278040
207826518039
71685144600
116224131095
112670146581
91198849041
197686394903
207513190416
208783556632
207339814935
209857806360
207668690968
92086992914
101708988437
188337831960
188337700888
188337569816
209962532885
69499093012
213976219670
66004713492
86913777687
229661736979
229193547791
207380856856
100639424536
214099771416
24951128084
205509312536
86683680784
171147477016
86925639700
210125193239
208722395159
112698785814
225397571605
98661957654
112700817429
78342193174
67585835030
163124871192
163125002264
47188049944
111584608278
111564488726
25744113687
87101276180
106017194007
89692307477
8719171605
78346977302
208813309976
24955846678
198946914326
171236655122
86944251924
134187712536
214687809560
134188285976
171237703698
98590851096
172146819088
225215840279
214699868184
217415696408
179683983380
112723230744
4628693016
220896362519
155944222736
157701046295
71034191896
157701177366
112735944728
239553232920
167496908824
197258412056
196877959192
146028888080
112474521622
148713521176
229245419544
209920720912
229248073747
95749832727
179685769240
112478781464
77495484440
206527594520
69328699412
157135699992
74319855638
112480419862
125366108184
208346529816
75327275032
116224000023
233735716884
34097594388
212656979987
207688187928
145315807256
24973410324
74904682520
74905075736
74905141272
41243066392
112486055958
229266423827
112486383640
74128556051
24974852119
107551277080
67092086801
110640365590
50377785365
197670731796
110769569816
8730968084
110655422488
110655373336
189236723736
189236690968
229278613527
229278744599
189236641816
2239823894
40141914134
233614557208
80302194712
186976813080
178136547352
214897655830
110671560728
88875204627
125704536088
212753842197
25745686547
95319752720
41216622616
101763776533
6028050456
101764825109
208629563416
71688814616
71688798232
217087213589
72039792664
197886672920
197886541848
110698233879
111828353048
5554831382
215062741016
5554896918
212812693521
112478814232
111825535000
112508403734
5554962454
229310988307
112508796948
207542468632
214972760082
112510566424
152700452883
25530040343
68240769048
25530728468
139976769559
74281123859
208917512216
165605015575
112513253400
112513318936
112513384472
112513450008
112513515544
112513581080
112513646616
112513712152
112513777688
112513908760
112513974296
112514105368
112514170904
112514236440
229278711831
80302768151
80303095831
208564240408
80303292439
208597614615
95701565464
110682914840
208591552536
5555781656
206439514136
202555523088
215062675480
188337815576
206502232086
202134945815
80316727315
98218016784
80317251603
223684198422
93828677649
67599597587
110653882392
197926060052
110776746006
72124727316
232291303444
147368099864
212976140309
214156312597
112533176336
95755829269
217156059160
74219028503
208962600984
189236707352
206558724118
217148981272
102597394452
232176549912
112539729942
112539795478
112539861014
221989830675
232175763480
110719762456
213028569109
25018204183
112699146264
216491098133
207477587992
147048103952
110718255128
213043232792
183285563416
5557125144
95364841490
5557141528
5557157912
5557174296
98686009367
206622687252
206668742680
214983049240
40658206743
167495925784
80335601687
80335667223
74331455509
50367561749
208537288728
217579274264
217579405336
112342958104
2241593364
233686040597
215233560600
229391728659
110710718488
186804158488
25026723863
40391016469
232099151890
189202890776
189202759704
189202628632
189202497560
240135438354
222451204113
189201186840
112327360535
229400117267
91750400019
101586796568
110705147928
134187483160
134187417624
198866305047
187365720085
148713766931
25568739351
148715864083
74360668184
74360684568
221737648147
83700219924
110701281304
95379521554
213874180118
198688636950
198833684504
25573195796
25574244372
227835936791
125448224788
110696300568
213874982936
5558370328
191841320984
5558386712
110695514136
5558403096
140303679512
5558419480
187426275351
5558435864
2242117652
5558468632
115694501912
74392272913
229427380243
198791741464
222457446424
110692368408
232536145940
208497180696
34167980053
34168111125
34168242197
202588143640
117346795544
213223194648
229432623123
34168832024
157390733331
218696646680
82993217557
25580077078
80848879635
206794129428
206795702294
207416115224
187371864088
187371765784
187371733016
207794208790
229444157459
206817853462
236883279892
183285694488
183285514264
110682931224
74427400212
207304867864
128121569301
72025604120
72025538584
98685157399
232625799192
47199485976
183285334040
183285465112
183285596184
183285727256
134187909144
198283624468
198678478871
229460934675
112343171096
112584097814
85546369046
220896509976
25594724375
5629149206
209063395352
100237312020
112586719256
112587178006
139275272213
206311718936
127851790360
127851724824
127851659288
112588357654
174982365206
235109810200
228430184464
71789707283
91670446104
214112796693
207375613976
213472313368
198719438872
188680372246
140364890136
232752152598
222019043352
95416483862
220896264216
220896395288
220896526360
220896657432
95417139222
95417204758
229487673363
110661238808
110660321304
207360147480
174819475479
74157391891
74157916181
174824357907
96011288597
222124638232
174853718037
132524998678
219162411030
207350186008
116223655960
96028590098
25749356563
189917036562
204900073494
185625739286
34208972824
193003782168
189933027348
200671363093
198751076376
186565787667
212812169235
210189156368
208409657367
52825145368
52824227864
52824195096
52824129560
233272246292
110645903384
214848045080
100361748504
25627492375
202871537688
207328559128
110644068376
34218901526
34219032598
25629818900
110642036760
186593902614
25631391764
110640463896
89724354583
5630836760
209063706648
185757335572
192200310803
192200835091
144957767699
112623353874
34061418518
110635614232
217579372568
186593542168
186593673240
186593837079
191204851736
191204720664
68759797784
112327622679
195185082387
191201968152
191201837080
223104466962
110632861720
48588701720
117899264021
110628732952
233082716180
207125479444
208370040856
219107098646
110627749912
209481498645
116223705111
102597132308
219101593622
198750109718
220973760531
85419622424
89717473301
6009389075
233123348500
40652701718
224864239636
85428273175
85428404247
29410721813
213819195413
206208303128
198787858454
47186608152
198794280982
213826797589
110665744408
77333479448
98564112408
213487845397
229579423763
188095660053
71841611795
208347627544
202737696792
115530006545
73990144024
73990209560
73990275096
73990340632
73990406168
73990471704
73990537240
186634469395
187371814936
186728316946
148713570326
209607196691
204530057240
34219098133
110612480024
191843254296
229245337624
223148507154
115561463824
202748444696
198912638998
192011583512
192011714584
192011845656
229595152403
83660292120
229595676691
6014631953
202753294360
74769760274
6014238744
49583898648
216919080984
174839971864
74781294614
229418205206
195244851219
195247996947
85546434582
115606552594
34069872664
34069889048
69709332496
102728269848
198653558808
195251666963
217277464598
208516218904
192032817176
112661102610
210289819664
214101393432
205489438737
5629116439
174860943384
112663986196
208305946648
34071412760
34071478295
111669035032
34071609368
205510541333
71034175512
223182061586
111569862680
174865399832
202167500824
174867628056
116224049176
40652668951
208297852951
174869856280
207223701528
139577819160
100641275924
40658239511
94484381720
217149014040
112670277654
112670343190
112670539794
171786174488
111536242710
214485958677
157701128216
186694762519
111658352664
74905223192
111656976408
111656779800
111656255512
195252191250
207812558872
6436126744
6435831831
6435930135
225001340946
6102712339
71879622677
98698919960
111650619416
225446625304
214382280725
111649701912
111649636376
6436143128
111648587800
98579644439
214699933720
72814952469
72815083541
112688627732
112688889876
68759355416
240132292625
207922135064
178136514584
178136645656
111641182232
162078605336
40715059224
40715124760
102908231702
195079831576
214688661528
111638691864
197886558232
72861614100
98634629144
214655139863
111636594712
111635939352
214482419733
112698195990
112698392600
78349238295
225397440533
111554576408
69751275538
210380718102
78341799958
98689679383
25746210836
163132145688
78343831574
78343962646
