40246181909
68163076118
40246444050
69755469842
78345404438
78345601046
78347239446
78348156950
78349074454
207142567960
68165566487
218975174676
214687809558
112713531410
134188236822
71912390675
78355890194
101978210321
111616999448
223289016338
214699212822
112723296280
69775392788
78365327378
86957621268
207105605656
210325798934
186804076567
86964568086
101997084689
112735420440
141721468952
141721862164
229768036375
86968893460
175010758680
229772361747
186828980243
214746398742
171797643286
69715591191
180393869330
108452773910
108452904980
40268333077
98700836888
34093121560
25503432727
111582134296
225506099221
86984622098
225507409941
98691858456
41292939288
210266423318
98690744344
74106273812
25506480150
25507135507
13290176533
40277377045
223133237272
222056235032
34097594388
114916196373
212656979987
110624047127
219099824152
25509101589
74119643158
218030817304
212668514323
208079224855
214517481496
74126458900
210219859991
227712434196
191211503637
212687388691
191214387221
212689485843
212690272279
25513295895
71813922840
91318386706
218068172824
111540387864
110645870615
25514147862
197675286551
197676761110
197678202902
197679120406
197679906838
112606937111
110653669399
189096001554
197688524823
197689180183
131057369112
206286487574
25517621268
72871591960
95418351639
25518243863
25518276631
74158047254
110665465879
214449192984
218109984792
98634121240
72016199695
87048323092
25520242707
127851692053
125704339476
110672674839
25521291283
87054352404
25521815573
25522077716
207982198808
25522339860
72025440279
72025505815
202031235088
87058022420
98620424216
232099151890
232100986902
25523159063
25523191831
98617737240
72029831187
202039623696
219219492880
72032452627
40311455763
40312307736
40312504343
212788051987
74183213080
74183278616
72037171219
212796964887
72040841235
25526337558
87073816598
68232937493
218683080726
207945007127
98603712536
223545131030
98601091096
87081091092
217109889045
197783978006
212821606423
87084761108
206851588120
207922200599
68239228947
208531750933
25530073109
68240375831
98589818904
110712324117
25530728467
98588573720
98588049432
74208968726
25531514900
74209165334
74209558550
74209624088
25531777044
179986563096
68243947540
25532039190
212845723667
68245323798
40328757269
121459703826
74217160722
212858306579
74218864664
74219520022
25534136340
25534464022
25534529557
219307180056
25534660628
25535971348
25536233495
25536462871
221476028431
25537216534
225034174487
25538592787
206776352792
232228126738
80302080024
68258136088
6116343829
223653789718
95723257878
98545909784
209970987030
98543550488
68264329238
223666110486
69958893588
69959942162
71033798680
25543311379
95731056662
221526884371
25543835669
25543966742
25544097812
25544359956
6117261333
40351825941
221535272979
213170602008
110770257943
98529722392
223693111318
197923962902
197929173015
223698747414
218523566102
219404304404
25547243540
197936021526
197936676886
223707136022
209920360471
25548292118
137816702998
69526257687
209916854294
137818112023
221723574296
206556889106
219443363860
25551634454
106017226776
25552748563
223749341202
218381959192
218382090264
25553272855
25553403927
34143731731
34143666198
223757729810
130133524498
25554255894
223761924114
215233511448
214157164568
70011322382
221663543320
15462563861
213045477391
219494219800
125854285840
229160501272
206618542104
25558515734
25558581271
206618984471
74319659028
25560154134
40383283223
25560219671
25560350740
198012485656
25560612884
213043200024
204485427219
207669985304
25561399316
74329358354
209859657752
25561661460
25561923606
223823790098
223824838674
214101458968
205509165080
219535114264
40390885396
70044876818
101676122136
34154217490
206666694679
206668660759
223850004498
70051168274
116696449047
25567625238
25568215060
25568477204
148713242641
187371618323
161602863127
74360815634
206529151000
159459049488
209749966871
25569591318
221737648147
25570050068
187384725519
202420518932
202420781076
25572016149
25572671506
213170618392
228203692048
206500446232
119472652305
89409454099
25573720085
213179695119
25573851159
25574244372
209710546966
117331656726
117331984404
112370090007
112369893399
138029694998
206479605784
187426275351
187426668559
213200666643
34167324691
34167848979
117344829460
117345091604
206459682840
117346664468
34168438807
34168635412
219661467668
157387063313
117351383060
117352169492
25580077078
25580142615
25580273684
80848879635
222543413272
222542495768
176731193360
206795538455
206795702294
228274995216
213248376851
228283383824
206811693074
130249916432
209639866391
228291772432
232586739730
191785861141
34173878293
206820081682
108781371412
25584795670
25584861205
108782157844
25584992276
108782419988
108783206420
206828044311
220787621912
25585778708
102663471128
212840169496
218207551510
206838300694
191807619089
206840135702
224640565271
159600869396
221877633043
79801532440
202555523088
101578473496
232625373207
66894938136
25589710868
25590497298
232639168534
191839076369
175219998742
175218819094
71502626840
25591545879
25591676949
213322301455
25592397846
25592463381
151053664272
220847259672
191862145041
207410593816
87342448660
228375658512
112290594839
25594953748
100232593428
25595215892
229456199704
25595478037
25595609110
74466197524
100235739156
194027978772
74466459672
87351623700
74467246100
98089435157
74467508246
74469802006
198791725079
112281092119
112281026583
34187214871
25597837334
221961519123
206930182166
83066355736
138653368344
87361847316
140364087317
140364742677
74478256144
206940667922
213384167447
87366041620
87366565908
207361998871
232714633239
25600065558
25600131095
25600458772
218091651095
87370498068
87371022356
87371546644
194069135380
206956658710
87373381652
218768490520
87373905940
85419769880
91670446102
91670511640
210184323096
221995597843
198748471319
34192818198
25603342356
209473962006
211275481112
211275743256
211275874328
85241495573
206992179222
70211600402
207311765528
198720159767
198718291992
207000829974
102427525141
66856828952
66856468504
213460189203
209435164694
228497293328
126062690324
126065049618
213475524631
198678478871
213482209299
174828552213
174830125077
194158133272
213704310808
192011698197
213487452179
213699461144
213696446488
174839955477
234969497621
98158772245
174842707989
229797478424
222089445395
71411859480
102547406872
132523753491
192032800789
112209788951
185593757712
132525326359
69259460631
174857912341
192039223317
222104125459
174861975573
174862368789
98169520149
175017099286
174865121301
98171617301
175013691414
224404865048
175011987478
25617465367
175005958166
174879408149
207091400726
174880194581
174880587797
103606485015
174997831702
174997045270
34208841752
185626525716
185626787860
34209202198
25619857427
222137122840
122880507928
222138564632
185633341460
185637273620
207113682962
185643827220
207119974418
174972272662
185647235092
174971748374
174970437654
100341645332
185650380820
185653788692
209321099287
79946301464
220020604944
185663750164
69224792087
221101146136
221102587928
40512782352
239364145176
142731640856
93917806611
186740588568
185690226704
224344408086
186764214296
25627721747
186768277528
214652207128
185695469588
117544124438
207170306066
25628246038
185698091028
25628377109
174963294225
25629032468
126139236376
214639231000
79939272728
185711198224
174975221781
213629665303
117554806802
207113093143
174987542549
174989770773
174990295061
228677648400
192170950677
192175276053
25632702484
174997504021
214612230168
159966560272
174881964054
222124638232
157700882455
175004450837
174876852246
175006285845
141721354264
174872526870
175009693717
128237912088
81064362003
25634799636
81064886293
224404963350
175014150165
25635586063
174864269334
192198082581
170724655128
185757335572
207235448854
174854570006
174852866070
174852210710
198652854294
198653902870
160002211860
102550863893
102551912469
174842118166
5603852309
198662684694
198663208982
174834909206
174832549910
174832254999
192011632662
5604114456
198674481174
5604229144
198677495830
198678675478
151435214872
198685098006
198685753366
228753145872
213467594776
198691651606
198693617686
198701744150
84319518744
85396029457
224478101522
239511535631
89693487125
89694142485
198714064918
214517465112
207000895511
25645023252
198716555286
89697288213
198722191382
198722453526
206993129496
222348443663
219127103512
5605769240
198727696406
151485677584
198730448918
224500121618
102587432981
198732021782
209481498645
207336243222
71272792088
239553216535
145067868179
85419622421
239558197267
206958395416
89716555797
89716949015
89717342229
214470541336
206953545752
25650790420
25651052567
25651118102
25651183637
223055364120
198766755862
89721667605
213388034072
232714043416
198771867670
96167002130
163990372376
140365201430
140364939286
198779994134
198783008790
25653411861
198785237014
25653559320
25653674006
207376220182
25653772311
198787858454
25653870616
198789562390
25654296600
25654411288
25654444056
214437773336
198795591702
25655509010
69098700823
74708680726
74708746264
25656557585
229455773720
163955376152
198813810710
224584007698
213338751000
96191119378
206886469655
40583299093
25660751888
115530006545
198853132310
6415187987
198853656598
40588476440
198859292694
232625307672
220813672472
228927733780
181684666386
198864404502
198864666646
228929306640
198867288086
101582749720
115541934101
224640499734
115542196247
115542327319
115542458389
198872268822
217579192342
222498390035
168812347408
198882754582
198886162454
220787064856
224657408018
198888652822
198889177110
207479341079
198891012118
224661602322
220778938392
217557434390
91932721176
192454197269
86230466583
191786156055
204266913816
100524097556
224669990930
170308075544
192459571221
198902284310
91937308694
192466911253
198913032214
71541178392
68519362584
198915522582
74763206676
221466312728
198923649046
198926925846
74768711698
227919151128
68522868758
68522934295
74772381716
198937411606
96250101780
68526080022
68526145557
117725200404
115578241039
198943703062
111975563287
213981167640
74781294614
74781556756
198957334550
198962053142
111966519319
198965198870
68532535319
227960438808
115591872531
74790731794
89824690195
102712737811
198982238230
74796695576
117746696210
198991937558
198994821142
214029926424
190410489879
85543354389
66393997332
87691362322
66394259475
74808819732
179685785624
74812948502
74813210646
68546002966
208837214230
206688944151
74818977814
102736592917
209769725969
68548722712
74821926932
153944064019
25685655573
116221902871
25685803032
6421217300
25686704148
25686966293
224828817431
171146477587
6153306132
205508673560
115641679893
115641810967
115642662935
188337618967
6153601048
214111879191
206629535768
70553436178
206628225048
115652165653
224860831762
115652493335
40646869014
221644652568
207693643799
161510785048
222713004056
40651194387
207700983831
40652636181
194829352980
188337668120
25696403473
98490646547
115670515727
77524271127
98493267987
100640751638
100640948246
100642062356
40658010132
40658796565
40659582991
25698631701
25698893845
144288317464
98506113045
102204522520
25700614168
25700630552
237817036816
179837042712
100658511894
115690962965
115692011541
115692208151
221723607064
207769042958
47110946838
74895065108
74896637972
190596120598
206529036311
197936611351
98525577239
98526363671
202420273176
202421059608
74905092120
47116386328
98532065303
157112631319
110766866456
74914463762
220695101460
74916560914
71033978904
72773271569
107132485651
77468237847
206468612119
220722626584
111823061015
72783757333
72784543767
220729442320
233614344214
233614704663
206459797528
206459404312
87818240020
171347378200
207861448726
98564046869
208572448790
122540032024
98573484055
98575908887
110724726808
229366824980
98579709975
72811020307
232176549911
98581479447
25719472143
212845527064
189223305240
154224394264
225092567058
208536633367
233686007831
159600623640
225099776022
207923413015
71750631448
208529457174
72826224659
5625020440
197782437912
72830943251
72832516115
72835137555
212797423640
217090949142
40714895380
110690320408
40716075031
40716140566
218700709909
220850028564
72846147603
208485023766
227297067029
70701088792
207973646358
225156792342
206327152664
6163529746
72025587736
229456085016
90034405395
217058050070
110675968024
213358592024
214433660951
127851642904
208457728023
197258477592
139738808342
25732055060
25732317206
110665744408
72866594835
25733103636
70720618520
25733070871
208439672854
25733496855
25733627926
25733693463
206288879640
25733759000
25734053912
25734086680
25734119448
220905603088
227348054033
223055314967
197691768855
197691113495
90055376915
197689409559
208425254934
120121196563
197684035607
206269743128
186566311956
111538864149
186571030544
47181266966
47181332502
110642151448
110640578584
5629018134
214501031959
5629149205
5629083672
98665955351
103119421463
72897003535
191204851735
191204720663
117994160146
225250902034
47186575384
214517645336
94376034321
47188049944
208372563990
186608779280
103111557143
103109525527
47191490582
223123865619
25743196182
186618478612
25743294488
68667637784
6435536919
25744113687
223133138968
208347627543
98686009367
216934187030
98688630807
5630820375
6436110360
83660242966
47199289366
47199485974
98694987799
213695250456
47201157144
195248521236
216909545494
25748832274
94408540181
94408933397
118031056920
94410506261
214747611160
208149020694
53648850967
208300965911
83675906072
111666888727
25750929427
118036103188
40765227029
139577819159
111597125655
98713993239
186693713940
83684753428
70801096726
25753288724
214722609175
186700267540
128835354647
186702888980
219991130136
6438256658
208271343639
111607611415
225367293970
214703177752
47217377302
90139918357
214639181847
186724122644
178136547352
47219605526
111638708247
96606060568
66548924433
186739851284
6439305235
186741424148
208234676246
208232448022
98742435863
47223930903
163125362712
163132145687
163132014615
83712540692
66552594452
163132178456
169575710736
47226290198
208232120342
208220225559
218970849301
68701814808
96603471892
83706740760
111636578327
96605962262
40787083288
202874568728
47231270934
47231598614
25763119127
25763250196
178136612888
25763151896
98729033751
111646998551
111649619991
213634891800
225446166551
111609151511
98719858711
186804207640
111603515415
214722641944
111658336279
135280721940
47239790614
92333670422
213660450840
133137301525
98712256535
171788206099
92337602580
167495729173
227624878097
92265742360
53648965656
186828718100
111669018647
186830553108
152472387604
15569420311
110602141720
202762567704
195245441048
47200419864
24699273238
83660341272
24699535382
77324091409
24699600918
24699731991
24699797526
98691153943
24700190743
110612299800
227665772565
24700387349
24700649493
24700977174
68740972563
186631651352
77333004311
231981711379
208364339223
221249536016
220972908568
111559999511
24703991831
103111589909
206227734552
206228652056
219113717781
24705040406
24705302550
208072638487
15573696536
24705761302
24705892374
110635106328
191204917271
232006877203
103119585301
77352402963
15574220824
113859624978
15574482968
1073741848
222016618520
212690010132
110640611352
15574745112
77357645843
24708120596
15575007256
212698136596
24708743191
33298677783
24709431316
110649196568
197675188247
24709693462
197678333975
225215807511
197684625431
197684887575
197686460439
189097574419
110655422488
208425320470
197688688663
33301069845
197689212951
197689475095
131057385496
70726549528
33302249491
98640691223
197699043347
197700091923
24712839188
103146979349
110663286808
103147372563
8598323224
90265092115
103152222231
24714412051
208001335319
103153270807
66609741840
206308474904
197258444823
24715722772
214433693720
232087617555
98623520791
208470769687
68803887123
8600289303
206327119895
160159514648
207974596631
232101085208
214411280408
24718606356
208485089302
169831563280
24719130643
229437669400
206342979603
101028200464
70967099412
213873311768
24721227796
178442469392
33311162389
110697365528
213878947864
33311686676
8602615831
8602599448
212806533144
24722014228
212807450644
33311948821
33312178199
33312161816
110701232152
214378774552
8602976279
221408919568
77421608979
206380597271
214365929496
208533848086
195650387988
195651305496
233685811223
24725946387
189216292888
139827445783
33316274197
221434085392
189223272471
128973275155
24727257108
232176582680
98580267031
220779577368
98579218455
68847796247
98578038807
98577514519
33318240276
98576859159
208564224023
170308190232
180648673295
103210287123
98575024151
98574958615
68853694483
49459232789
75296669716
49459757077
202132553749
202134913045
68857888785
202138976277
222542282776
222543200280
24731189268
207866986519
178522161168
75303682070
207865577494
75304009748
75304402966
68862214165
66643296272
68862476309
68862607379
216453152790
206442692632
68863131667
232212922387
208591781910
49464868885
68865228819
225034272791
212899463188
212899987476
80302194712
223639207960
221495951380
220725575704
206465925143
111823814677
206468644888
24735121428
24735383571
111827353621
77468270613
49471815704
71703805976
24736694292
49474043925
49474174997
178568298512
75326554130
223665979415
49476534292
24738267156
49477320727
49477845012
24739315732
207801057303
24739577876
98532229143
49479680020
223688523799
24740102164
206511538199
170007724048
172155174936
206516486168
202420207640
98525675543
221551525904
220670918680
53778055188
216373592086
197932613655
212965785616
232293138451
53779365903
66664267792
178610241552
77495402517
206529069080
208677339159
33332658197
49486495764
24743510036
24743772180
214056419352
212983873556
101124669456
77504446483
193662418965
193662550037
75359059984
24745345045
223731515415
103276871703
103277002773
171244978199
24745869333
197967478803
24746065942
206558953496
202365026328
24747966484
24748490772
79667658770
24748982295
8616312855
8616345623
24749539348
118325248020
71081394196
77524107285
71084802068
213037088784
167944126485
24751374356
213043249176
213044690964
198013091855
98483011607
24752160787
207697641495
232379121683
188356739096
24752947220
24753209364
8618262552
24753471509
24753733652
223800721427
24754192406
144346972176
152936906768
33344045080
115652329495
33344258071
115651674135
53804531730
49510350869
33345634328
33346289686
215233560600
24756912151
115642171415
24757010454
24757141524
115641384983
208795303959
205508640791
171147460631
170150330384
224828227607
33348304920
224827605014
224827310103
53813444628
116217872403
206666203159
116218920979
116222066707
116222853141
24761139223
24761204758
24761303063
24761597972
214199812120
24762318870
100587962392
24762646548
8623112216
232461959187
53821046807
8623292440
8623554584
6190792720
102728302615
217441632278
232476114963
223889850387
220670869528
111947022355
202419601429
202419863573
202419994645
202420387861
126984650770
206724759576
198986498070
198985842710
111956983827
187406483476
124842016789
69009932307
176674177045
219377909784
187412512788
68534353944
96265666584
73309093907
187420901396
68532453400
86197141523
111966552085
111966945299
111967731735
71166853138
71168688148
213206564888
220722774040
213982838807
213207744532
8627748887
8627781656
8627863576
8627945495
8627929112
202167238680
8628174871
49546395670
68526030872
8628273175
207529476119
49547313171
213222948884
81916854291
86211821587
157390209042
81917509653
81917640725
81918296085
81918427155
1077952536
232557379603
101249450002
213954363416
222543249432
222543118360
232564293656
222542594072
222542463000
206795440151
198917029910
198916603927
101253644306
198913622038
198907068438
147368083479
198906413078
198906150934
49555636246
232580448275
105895313432
198900252694
204267110424
232587788307
198897106966
217557336087
188569075736
232591982611
198890946582
207477571607
198887407638
213919236120
206830665752
66740813843
102663487511
94827446291
212840136728
198878494742
198877577238
101586255896
232610856979
198874169366
217579388950
195651354648
115542163479
159600738325
101583372312
198870106134
198257410067
198867877910
202553425941
232624619543
232625274903
198858833942
220816228376
75514249230
198855163926
198853066774
232632877075
8633843736
198848872470
206868414488
213878603800
86256910355
198843105302
217610813463
217610944535
8634499095
198841663510
212799897624
79816032276
212797276184
212797014040
79817605136
206879326227
209027334158
198834159639
232651751443
86262677523
180041269272
69083791383
206889811987
198824362006
206894006291
198820036630
198816497686
129223753751
33379975190
33380171800
69098602519
69098733591
198800343063
232686878739
198798016534
49582964755
198794739734
49583489045
49583620118
49583751189
207382577174
49583882262
49583980568
198791462934
198790283286
69104828435
198788972566
221962567696
207373631511
213815689240
123867807768
207372451863
5929435157
198782025750
198780977174
198780715030
232705753107
220896182296
220896444440
198776913942
198774554646
86292824085
86293020695
206944337939
198770753558
198770622486
198769836054
198766559254
223055298584
206953512983
198761316374
198759350294
198755942422
85419786263
71270924308
239553249304
207338897431
198748733462
33387184149
8640528405
89528713240
198740606998
198739165206
198734577686
198732480534
8641380374
89534677016
88461279252
206988214296
219127169048
206990475283
198724878358
198721077270
101351424020
185522454541
212676165656
198717669398
212675641368
207304458262
198712819734
198709149718
101356666900
214525526040
224475414550
224475250711
71294779412
88474648594
66785902609
80958898200
84319682584
84319485976
101360336916
198699450390
198697877526
198697353238
198696828950
71299235860
198693290006
198692765718
198692470807
198680805399
5932630040
194154332177
222071357460
194157608981
174830649366
198672842774
174831566870
198672154647
174836285462
234969464855
174842970134
198657507350
198656983062
228535042065
127244976152
24809308177
198653542423
198652264470
198651084822
234983391254
174855028758
222103076884
84209303572
84211662868
174867611670
207081144344
174869446678
128237944856
24811929619
84215857172
174872952855
141722337304
222118281240
141721681944
141721419800
222119329812
174876262422
222120640532
174878621718
157701341207
92810248212
53921972239
185635831829
207113158675
189933813779
207115223064
162019541016
185643565077
207123644435
126139269144
185654050837
88533106712
79944089622
220018507793
153452806160
186740523032
232913371155
218970800152
229707923480
24819793939
79954968598
224338214936
79958376470
229707890712
100351574040
232931196947
221101867032
53938749455
69223972885
69224366101
185694945301
79963815958
202876125205
185698353173
6205472788
79966830614
120768692243
79967354902
178136727576
213625077780
79939321880
79939256344
66828894226
100338925592
213629272084
99299622935
220073033745
6205997076
213634908184
226519810070
213636874256
226521645078
100333617176
174987149334
174990163990
33416544277
174992621591
79981182992
174994751510
125078863895
174996193302
125079257111
174998552598
175000911894
222124867608
213658894356
8656158744
175011004438
127234539542
127234605078
213667282964
175017951254
24830378007
24830410775
102544949272
24831066132
105767763984
24831590422
71410909204
209392205847
127245025302
127245221912
209395384342
24832901140
198663602199
202755211288
228730863637
112220700691
24834408470
213475721239
24835457046
224453689368
198693093399
233055584279
84319141908
84319404056
84319731734
66856484887
24838930452
24839192596
69293047827
24839454742
207307636760
84328316948
84331724818
224496975891
232752087062
211276070936
211275939864
211275808792
211275546648
1082179608
198738968599
8663121944
209484087319
71272775704
198748504088
207339094040
207344861208
24844697620
24844959764
210176917528
198760300568
105825697812
112268935187
232714567703
232714076182
105828843540
84355776536
112272801815
198775406615
8665333783
8665366552
212737998872
222402969616
207373828120
24848367636
8666136600
112281124885
66878177299
212753334296
66880798739
8666939415
198804635671
112290430997
24851775507
8667529240
8667660309
232100970520
138688331795
24853086228
8668250136
198825738263
115520028696
24853610516
206886436887
24853872660
133775949847
66888663057
222457495568
212797243416
212797374488
227276701720
71503839254
95126028309
198842646551
123837120535
24855969812
192405176342
24857018390
24857083927
112315072527
228928126997
206380449816
71517077526
71517339668
175246016534
71518126102
71518650388
115542310936
115542376472
206839545878
97294745620
112327131155
220787163160
24861212692
24861736980
206821589014
206821326870
8672706582
236882821144
209634721814
105892282388
192457736210
155952709656
160249937941
105895362582
24863571988
206807695382
14042529806
112342859795
66909110291
198918144023
206795636758
24866979860
209672994838
88731680790
116649885713
8675622936
112357015567
24868552724
178547605528
220725559320
198948945943
117342371864
82295914517
82296045591
224720322579
221795909655
5411700754
213205319703
209983717400
116660371473
187426308120
24870649878
24870715415
116662992915
24870912020
41152413718
207559327759
209710743574
116667187221
24871960596
116670857233
73723674647
24873795604
8678686744
220679421976
24874844180
202421108760
206516109336
112386441239
116681932823
116682129431
162504114192
24876679188
102728253464
179688177684
24877203476
24877465620
189511172118
206688387095
116696285205
209772707863
116700479509
116700610583
221707042839
224811024403
209893670936
205488128020
204521898008
213008400408
206659846166
224829210648
213019148312
141083377687
205508575256
205508837396
24883757076
214101393432
205511983124
33473626135
115642712088
116718829589
207668477976
160465993752
24885329940
151839047701
24885919766
224856113171
24885985302
24886116374
223804555287
24886640660
115652542488
224861880339
207686959128
75928764440
209841520663
125325803533
24889065494
24889131031
213045379096
24890048532
179793035280
224890716179
233486417939
147589169167
233488515091
24891883540
24892145682
71652343828
71652868116
54080307223
66965209106
54080339992
207735848984
207736143895
204420481047
204521881624
209893556247
24895291411
209899749390
224932134931
223730139158
219434385432
189502832664
214199828504
24896339988
223725682710
224942096403
222795661332
221723508760
178621677592
24897388564
112474456085
229245190165
8690728981
41207267352
206529003543
112479436821
41207693335
54093938704
112482320407
197930975254
112485990421
197924651031
112486187031
112486383639
71685111830
224973029395
223687671830
24901320724
71688781846
88868913172
24901582870
151968022549
24901648407
223673909270
206494171158
207813050392
41216606231
125382557717
71033962520
71033765912
98541682712
98543255576
209970790422
223657918486
218565181462
71703724054
71703986196
229304827925
71704248340
98547646488
112508272661
24906039316
206468579351
112510304279
112510369815
112510566423
112511156243
233614606359
112516399119
223631441942
225034207256
171348983832
207858171923
227919331352
223624101910
206443315222
225043283987
232562081816
221466099736
171370872848
177814241301
206426931222
72803139608
111628779544
49823744023
49823875093
40312602647
49824006167
74220404760
206450982931
71731511316
186726219794
152488640531
116684488723
25733824536
107553751060
74218962968
74218635288
74218307608
171383980056
25754861588
232070578198
232066383894
232065400854
112538419219
121458163736
229543772178
112539467795
225421819923
225191919638
80328785940
225190084630
80329310224
24744820755
112541564941
224418070551
189223338006
95362416663
223690620950
98584477720
98585526296
98586640408
223657820184
223625740309
174980988950
80335667222
221772382229
218200621080
219683160087
49832525840
216507711512
219378810904
41242918935
68245389333
219377614872
240135438360
87101276180
206380498967
217272811541
232148107286
214690430997
110705147927
232624603160
5692194835
214108635160
214108110871
8700526616
213988442136
213926739992
213800714260
71756414996
67199041553
213441871896
208160964632
171433787408
206987280408
206513373207
207943368727
206513356824
68991582227
67616374803
198289915922
222977851416
180644478992
98605580312
180241563670
168829632536
212797128728
168829501464
232648720408
232648851480
171446501400
225133985811
168808153104
233726017555
148558053392
180041285656
110690336791
74183245848
225432829972
144594436112
180043644952
142757330959
141723435025
227716808728
141721731093
195080093717
87818764308
141721436184
24922554388
112575119375
71773978642
120113332242
227297198102
112283615249
112281518099
112476143640
41256321048
111836921869
101960384530
223096602643
75319214098
98619408408
71368441876
225156890648
68736253970
25130172433
207978364951
221304389656
25123880976
206451900437
25098715150
208370663446
208084402198
207942418455
98624782360
98624847896
198877249558
189411360788
110675984407
41259991064
157546102808
112584294421
98667921430
98661892119
98622144535
98604023832
24925700116
103153057816
127851659287
214437462040
207995797527
73312763923
206806581269
207997894679
225179074579
98674802712
5374214166
232244510741
24926748690
112591503381
111597322262
98633564184
214519480343
25664946193
212703641619
212664844306
98635333656
206992048149
205508739095
110664712215
198258458643
174843723799
220896296981
174843691032
95417270295
110662942743
112723427352
24928321556
220725510168
25083117589
112481533973
74759798804
95419105301
72068694038
197695963158
71225573394
225200570387
24929107988
69365465110
112602906643
68882006034
197689638935
208026730519
197688459287
223059640340
197686099991
197685968919
197685313559
197684953110
24930418708
207681224726
233337258004
110652981271
81063313428
34168504341
112608411669
112608608279
186562641937
197678104599
198883082262
186566705173
197674205206
207698755607
197671682071
112612868113
207426420760
207416098839
207377498135
41275129880
111540748312
207371567127
202376216595
186740277272
198903201814
223133171736
198878101526
198860537878
223148507154
98658926616
208591699992
98548662296
174977122326
233827729427
225238581271
222018420760
209465983000
72893186072
112621256721
138297737236
232863957013
117879865363
229537480721
110638039063
5805375510
112312188949
98719039510
41279225879
98685812758
41279258648
34208940056
98585067544
98543468568
96433340437
112624402451
83927105557
208071524376
83080249365
71825096724
208073490456
208073621528
214746726422
214517153816
116924612625
208078503959
98671378456
24936218647
208079257624
214521610264
24936448020
101893275668
6436126743
24936710164
25079562264
98638577688
6207569939
24936972310
232371044376
77345062930
54169960468
232176484374
111561064472
232176222228
232175697939
54171271188
54172057620
223704580118
222056300568
223688720406
220696772631
178036146197
197690982423
223133564952
219162411030
224863977491
112642752533
219085357080
186631847953
54174875670
54175203349
67462234131
213874180118
54175465494
213740290069
143914991640
69699371027
73995386899
71848427540
210267144214
53606350868
229598298130
110608941079
72039792659
218859929623
71785775124
98695299096
69507481620
69705662483
24698421268
209632559127
186654916625
195245506581
195245637653
198715506710
202765828119
202760388632
195250356245
202760323096
24943525907
232147517462
108452872216
198666076184
137439707159
79959556118
210289262615
207210151956
111640936472
94408917016
54184116241
98704277528
69714051091
100361895958
100343775256
217261277203
181304541208
24945000471
100336795669
99262922776
112666345491
95753224216
167496319000
167495925784
198923255832
24946147348
112669491221
95732498455
112670015507
197693276179
187364802578
225339506707
24946409494
69721915409
92335783960
24946475031
95699370007
112671588369
49426284568
225343668248
92333490200
91198849041
8715239448
6436028438
186692403221
112674734099
6435897365
24947982356
214722576407
174992605208
6435635220
6435569686
6435110936
99794550803
6434062356
210326126614
207105671192
68746215444
71879622676
88937070610
161026474007
87092363284
175245885462
175245688854
148056408088
71704510486
125366140951
111660498966
207113142296
112723329048
98586263576
161060093973
111633170454
207172403219
216739086355
102597394452
110648033302
225238679576
101949898770
88738889744
111614935064
207785820175
118006218771
118005956628
102663913494
112692297749
112692494359
98590572568
50448957464
24952078359
134188335128
214688628759
112694001685
67084910615
24952700948
202873946136
39771439125
49639587857
34187313174
5701107730
34186854423
186740375573
220048703512
112698327061
186741686293
220043853848
34186330133
34185674771
225416314900
163124871188
186747191313
68164010008
78342520855
186698694676
24955125783
24955322388
78346977301
225420247060
24955584532
112700063768
223694815253
221102637080
70823985176
214681255952
106017194007
212802994196
186735656979
186590953490
174998028310
112695083032
24957157395
134188105749
134188302359
214644883478
178136580120
178136449048
50413699094
24958205972
86948839445
186781270037
214639247382
24958468118
69258248215
24958730260
214702489620
232478736402
69772247059
24959254548
206999650325
182853042196
224639057940
71882145815
210415353879
223300026392
223673221143
206495809556
112726114319
71924318232
71924383768
132053467156
112707239955
112508534804
219089993750
206205485080
74119905302
214614081558
67103096853
78348877846
214611853334
225464385560
225464778776
24962138132
67104145427
24962400276
25585254419
25649741843
24962662422
24962727959
141722353687
49463427093
221540122648
210396282903
165347852303
209438720024
175005892632
208558735384
41311404056
208309141528
208301457431
92265332760
227629072402
208248963096
186829635605
208340975639
146028888080
214747578392
219043332110
129924857873
86244392983
67110961171
207346597911
49583685655
108452708375
204454494230
202875355160
202752376856
67112009747
219566374934
111668822038
204026282005
198941016086
202762010648
198908968982
198907396120
5406457872
202757160984
198663979032
198827147287
198804684824
198785957910
198776684567
198757777430
6319374360
198745718806
157545693207
231956807700
206793998357
231957069844
213704392728
212631158805
156764209173
110612447254
118296674323
87090790420
117331607576
233924722703
213339865108
117328183318
189016309776
110615330838
101676515352
110616576022
101452742677
110617100310
41350856725
41351053335
110655373335
41351086104
99263807511
98650652695
98621849623
98614509590
98530328599
110621032470
114916130838
114916327444
232649113624
114916589586
110621622294
98483044372
110622212118
225432403991
24971804695
219102314518
74119708695
74119774231
74120036375
95362678806
95362646039
214811279376
110627717142
95362547734
95362514967
110628700182
24972886038
214460923925
95362400280
24973148180
94406967317
207833939992
91231322136
90056425492
232001110036
207306342424
207306866712
87044915220
207308701720
24742199315
86172499988
110635581462
110635778070
83664306195
83607420951
24974917654
83021791253
24975245332
66928246806
50158370837
44828049432
24975507475
110639317014
110639906838
110640431126
34210578453
34209464342
34071609367
144497000472
8729919509
207687516182
25653739544
110644035606
207328624664
71813857303
96028590098
195520102421
232564457492
74139566099
197669421076
225397440532
8730443797
197671780372
8730574871
186566639639
110649344022
225238646807
24978227223
8730968084
225238614040
110651244566
112608247832
197680693268
112607789080
112607068184
225238450198
225238384662
197684363284
225238319127
110654783510
214468722710
214468591638
207353397272
198866305047
110657404950
72003616784
214464790550
197694324756
110659108886
197695635476
220896624662
207360213016
110660026390
110660288534
189108584464
110660878360
197699567636
220896575512
220896493590
197700878356
70721880088
191260262415
110663172118
74158178327
74158243863
202871537688
110666252310
25627557911
227775315991
220896231447
214100574232
103153254424
95637471251
214100508696
110669922326
110670118934
214100475927
67092086799
198774751254
110671560726
197258412055
69871861779
197786075156
197686394903
186788085779
186690174998
98166112277
214692397080
206809726997
80335732757
80335601687
76319293460
74172071953
74158374934
69328699411
72025374742
110679949334
25617416216
125712334871
25530204179
206328692760
25530040343
70702153752
110682898454
95651102739
24713363475
232104394768
207410675736
110685716502
219004010516
223518654480
218970816535
110686437398
218970718230
110686896150
208794550295
198825066520
218962591762
218325843988
220847210519
232112783376
219228930066
217081446423
110689779734
70700761108
196097867795
77405208600
8735948820
232117764116
72037695508
149879423000
131203596308
70691143704
131203072019
207974629400
77468631063
217610797080
110696071190
127903203346
110696726550
227272097816
68089282580
83040927761
66551283732
68824776728
83066093588
144953835541
157545136149
228430184464
15575285784
110701248534
197779783700
197780832276
110702362646
15573958680
197785288724
1918894097
214371434519
67163914260
1917845522
213436596242
210675695638
110708064278
115606552594
217121816595
25733857303
110710685718
214380838933
206794129428
223568986128
192200835090
206668595223
110712258582
110712520726
5979635733
110713503766
164655792144
212837859345
152700452883
192192184341
74208772117
74209230871
115520045075
68240801811
74209755159
198841466903
5932646422
5932580887
198751223830
189021028373
101529813013
212845592597
169897230357
164685152271
118029025300
165605015575
208829759512
186631585814
174994817048
207989997592
110721892374
207829352472
8739880980
223727714325
207375597591
217148948503
68847779864
212855816213
198897680408
185943982097
229245321238
198719471640
198719438871
186691125271
91399651349
74220306455
102597132308
85419819030
228729028629
174819377174
110728380438
95696322581
219310686231
72871804951
25631391764
25631129620
137713418260
198921928728
220752150552
208917037078
70648414232
198892060694
197696028693
198750109718
189933420567
227919265814
68864032792
217184731155
208556376088
98661957654
68866064408
77365248020
25547112469
25540689943
217188925459
87103635476
80303456279
80303259671
212882145304
208605118488
206458585112
95714410517
221720870936
83071336466
40588410902
74241802259
112510599192
112510533656
112510468120
112510402584
112510337048
25593643026
210325078038
220722790424
110750531606
112509288472
206468546584
198788317206
198953386008
125065297942
212912177173
191450054674
183718395928
156766306324
217210945555
101770330133
197886476308
100246224917
25004474390
25004539927
99000254482
206481129496
98167816213
98167717911
94827970579
94380228625
208631463960
206485323796
89829408786
86895493137
110760493078
229244928020
69959417875
68887822360
6102712339
25006964756
53821243414
233614737429
206501576724
95735971863
233614688280
110769537046
172146819088
110770323478
74263822355
74265264149
74265395219
233614409751
197922914324
25009061910
110774190102
197926060052
185658114070
202419781656
197927895060
197928157204
191486754831
197929205780
208860037144
197929730068
110776942614
72124727316
197936283668
208313483288
25010962455
25011159059
202588160021
202588127255
229245386775
167881211926
223715524632
110662189079
202137272341
192466780181
112510631956
139976769559
141079609368
103276920856
101000921112
98694905880
50028871701
40789082131
208811016216
124002369557
124002287640
124002238488
124002107413
198874562582
214175383574
124001976344
111641411608
206573666320
228131913752
98721333271
217277464598
232345829396
25644761108
234495508504
114894274584
70158549016
25039994897
213024636949
8750563350
206583234584
48588521494
213026603025
224598163475
213028831253
223684198422
214160703510
206588870676
220973760531
232101052439
214188228630
213919203351
198283624468
25019023379
228112252952
69081120792
209402593303
41138978840
112705142803
112603430931
112272080915
232424210450
224689684504
223070912530
215195320344
198859243544
208754180115
214209724438
174852407318
174819049495
189430235156
112508469270
104603844628
148630896664
233055715351
103609401365
198946816023
232384888852
52825030677
158909595664
79839100948
176552116247
207690383384
163125395475
72861351955
71898759184
71879507992
72172437522
232389083156
232390131732
191841304599
208770793496
68807557137
54174154771
223804522520
34209267733
34208874518
223805440020
217562742802
74325164049
68960714775
227919249432
208783802391
5718933523
212804042774
68960763928
212803780628
210643976214
188337684502
214157115416
207158771729
74331455509
206844723219
206835023892
214103556118
202350002194
24839716883
24857247767
202354196498
205508608023
25026363412
24838602774
25026625557
186741948434
214171402264
25026887699
69870813202
228099358739
202365042711
206660173844
232429715476
186741915671
101675728919
186741882904
186741817366
74341416979
207736389656
5719556120
228927209491
186740637716
5719834648
186740113429
25029246996
116700643352
116223098904
186738802706
25030033427
219565916182
47912845332
186631716885
186631684119
186631520278
186631454744
186631323669
186630799379
186629750802
233735716884
74357145619
185220464650
185753141264
112307732501
185715392527
217446318104
86175825944
185697566739
116681965592
185696518162
112386474008
202419470358
202420125718
213158723605
100572282904
185695993875
185695862805
100571234328
213164621845
185695207445
185694421011
222612586519
174878425110
174822785040
25035800593
117325692949
117326217237
140164726807
219377877016
71572226071
207428468760
96266764312
25037897746
117331460117
88731746328
208236511255
50076844050
117333688341
152853020688
25038946324
117335392277
187426144277
83686588436
25039339541
25039470611
180988411920
24971673623
116706508816
213205123093
221797548053
117342339095
202167074840
208917495831
208919035928
213975891990
25042092051
82988761109
82989416469
116682326038
157389160467
116682309656
116681998357
82991644693
25042878484
25043140626
116224163856
82993217557
39839203349
5992087571
82994397205
50087329810
82994724887
93734567960
189236641813
232564981780
208944103447
232567865364
4628693016
232569438228
197678301207
50090475540
232174649363
217541246995
198214418448
50090967063
213248114709
212845461528
206807629848
25046286354
105895329815
79933210646
77468565527
191785992215
25047334932
108779274257
171386880024
217557237783
217557368855
77467942936
213923332118
206824800276
128452263957
217564315667
213919268886
74708811797
74425303061
74425434135
74708779031
101458640917
128115015696
101586796567
69374017560
74708484118
83020546071
74708467736
217579487256
185643696150
185654247447
69224824854
69224628245
137816637462
92800548883
69224103956
228928061463
69223907350
69223841815
122997964819
206855208980
72872230933
69223317523
232625405976
69366022168
232625799192
221976002582
69222924309
69222858774
69222826007
210381701144
69222809624
25739395090
25683820562
213692448786
213880078358
206868054036
25165742104
214108733457
206868578324
214586884113
213877063702
232640479252
224575619088
112307437592
232643100692
206873821204
121458262039
205511196695
25132269582
198288343060
198289653780
232651227156
210644156440
202588028950
202588291094
198294110224
206886404120
25044189201
25042616341
206889549844
167685046296
226222407699
25031606288
24775753744
74459840535
206900822032
160159662104
183285317651
232958984211
194025357330
213837840407
71486439447
232535883795
213836955670
74465673237
24697372692
175007989782
74465804311
79724281874
122539999255
68849500178
68246044691
74466590741
74466721811
208027189272
207987523608
205509230613
213829222422
91649212435
208457252888
198876004374
67300229139
198716489750
225449394200
156765782037
111939682324
95699599381
91325726738
25570836500
34098249749
217149046807
221960077333
217149014040
217148981272
5996412949
83065045011
116223901718
217112592408
123867824150
123867889686
123868151830
123868282900
123868217368
74427400212
217112412183
87362109459
127235063830
140364873751
226759540756
91658125331
127234310168
100249108501
112272834584
223563726872
213043281943
86293069848
232713617428
212670070808
74482450449
98636087320
80387473431
53719597074
219835006994
218089979928
161058652180
189510909974
95739609112
91230322712
100258807829
25065160719
218081853464
218081722392
221994418197
213785051158
239553282070
214101262358
207224832020
206990213140
206626095123
175019245592
112695148568
219857387543
112314679317
219857682454
112309698581
98308259864
208254140438
70204260369
206978547736
80941940760
227726639128
112214409232
25757220880
209650679831
213763948566
198879543318
213758541847
213756346390
213755822102
91227815957
78347501588
98624700440
67532357656
208442818584
185629409299
206997553172
102425952276
47201714199
102427000852
207000436756
102608404500
189916856344
112715628562
102427787284
98166374421
102429229078
102429556758
6027837463
83768639502
102430474262
223715000340
208081371160
214431694869
102431981590
102432243732
213303558165
102433030164
185758122004
84319895575
84319830039
84319698967
71686881302
110653882392
207014068240
62642454547
111642411030
48588914710
111641165847
116698120212
129923809298
213465038869
63980142616
63980109847
232427356178
225001340946
224758595603
73302671382
223133057048
49516773397
189467590679
198744014870
25073549330
132506189844
185556008974
98685157399
207033729044
126066098195
96001851411
207413968920
198853918743
74090283025
82963333137
92507471889
207040020500
5999951892
90031783955
208371384342
192011567127
207044214804
208538042392
198656327702
93860134928
120586240020
197887131669
111594897430
117485076499
111584542742
111577464854
75311874068
96011812885
96012075029
233635053588
207304867864
71411990551
137816604695
192003178515
101899829268
216908644376
115568541716
127244992535
71098859544
98963423253
163132080151
25077743635
229160452119
210379112471
132524998678
209342398487
67337027607
207330983960
174860402711
198828883990
198729138198
25079578644
198701416470
172721438736
207081177104
127234244631
128238223380
108911394833
171786141720
157546397720
118016163864
213661024279
25080889363
100523966485
170582343701
98652651543
70261407763
157700980759
175001239576
50163220501
225464762392
98633859096
98624520216
98623799320
185623642134
25082200085
185625870358
25082396694
98594127894
25082789910
25082920982
25082986518
50437029907
25083052055
25083084824
50413830166
40785461272
185635012631
34209431575
34208808984
100337188887
34071379992
213629730838
204420513816
25084821526
33910341656
157137502230
25085345812
185649856534
185650085911
185650642966
207125479444
232896593940
185653133334
185654181910
198729531414
185655066647
213976219670
84319600662
103108050964
162076491798
174876393493
213612429334
54174679061
69224529944
69223874584
208038297623
93909418002
210381750296
206667776023
96057950223
206439514136
208221224984
25733595159
198858965014
207814656021
198755188759
217893896216
163125133333
91765080085
102603587608
119683153940
49464344597
39924662293
232899215380
214699474966
208221716504
214483206165
74157391891
91769667605
212810989589
186778386452
210363924504
111612330007
79971745813
112273129488
79951495190
72034009112
227276554264
74110992407
185695731734
214688612376
207172927508
171244961816
93925015576
147048103952
2215084055
195079831574
93828677649
174967488531
228111941653
209557684247
209063706648
213629534229
208964059160
99264004120
226519154707
209342529560
209343479827
208075620375
207922561048
207431794712
100332355608
185630130199
207411953688
112698785814
159600672790
224475381784
198922272790
41242984469
185623707671
198784843798
174997110807
232978645012
198763413526
208168763416
207210938388
207211724824
222125654039
198719242262
112369598484
81059119120
198688636950
198682869781
225343651864
117498314773
213659418645
98583691288
208161161240
98583003160
207218802708
40766341142
96014827541
222116380694
91750400019
175010218007
90354745364
222255251477
207223521300
81065279510
50368872469
170721411093
40687370260
39796604949
170724163605
233000665108
207586836504
192200310803
226564243475
198912638998
209388568595
202769235991
192466386965
192465600531
192453804055
155709341712
163125329943
112223125528
206688419862
110777303063
102205227032
100578983960
112308715542
202757177367
100524556310
98737586200
204900073494
91938750485
83716997141
50090999827
222295228437
170758504465
223657263126
209415274520
190088478740
213384200216
74182819864
41298411544
89678413840
208346529816
227665903640
225219444753
33345568792
224512704528
198760792086
174868201494
192382238738
152469766165
224462110740
91932753944
87044653076
170308517912
240136962072
49512841237
218859978776
155751284752
218535739416
98277785620
194028371989
208368025624
194026405906
213452783638
224474955796
224475349016
219773648920
213739372565
133786763282
132493508632
213741862933
111657713688
98715992088
111657156631
213744746517
52824293400
52824260632
111582773270
111548104726
111540961302
185740558351
153528303632
110723727384
110720843799
198726909976
233086386196
47229304854
209467211795
209752064023
148715864083
209562271768
208944168983
208768385048
198746963990
211275776024
233095036948
175004057622
171786207256
118024306709
233098444820
101891440660
101708988437
209480318995
98671984662
98574139414
212979548184
198746832920
98545991704
197671616535
39924596759
183717986327
207341617176
96250363924
6009389075
221994352662
91670396952
102426738708
239560425493
233118892052
85422243860
25569787924
25568968727
98309505044
39923351573
85426700310
213388394519
219829305367
233130688532
39923286038
85428273172
198773178392
25115492367
39930822674
39923220503
155826782224
179987546131
167498481682
39923269656
83066568728
204785909782
117497806872
6010437650
207375564824
52824375317
133597495317
89731891218
207380807704
206310096920
221107486744
219127185432
209064230936
219127136280
25654263831
74467590168
69098766360
69098635288
224571162648
209060954136
218670153752
212904443923
212812169235
74708418583
74708549653
129223786520
203319410711
213349367830
226726248467
115566706707
68784488467
229418205206
98334408722
209046143000
226734112787
207407415320
213336915990
208917790744
232291303444
209562632211
207339814935
89750765586
189409132565
222451204113
218696695832
154937589776
133775933464
98634055704
95319752720
91313143826
49408901136
198838976536
175217311767
232148566038
115526860818
226758754323
217610911768
232147255318
213874901013
213875425301
47186608152
24855445524
221994942485
206363443224
213879881749
221798203416
221797941272
115532103696
221797679124
221797482518
221797449751
221797433368
221796106260
221795975189
221795958808
221795844118
214687416341
214471409685
207168208914
115595018255
111824338965
74196910102
72012529684
67432349715
71501676566
74206969879
25734152209
228927995926
228928258066
25671237649
8713535509
233719726100
25591611415
102654541842
25589973011
207456567320
208605265944
197916622864
208219701272
115541540884
112608149528
115542261784
115542392854
206668726295
83855540245
192173441045
160635944981
102665027602
226794405907
96610287637
86944251924
207470067736
50367561749
103148355607
214099755030
102663520278
25129123858
102663585816
24891097107
202754850840
174853718037
100517281813
174834057238
175013888021
74360750104
74360684566
213920514069
74360553493
208553754648
72002551832
115553075216
197689933846
217148932120
98729000984
41260089367
192455868440
41242968088
189236527128
192458784787
198789955606
192459702295
171789516821
117492940819
101894848532
86925639700
147368181784
91938357269
100528291861
226824814611
115561463824
49549934611
6014238742
34095497236
223658770453
223624953877
221405184024
6014320664
219989000216
6014337048
25523388435
208944300056
115566444564
174862598167
213952888853
115568017428
115567493140
209660248088
115568345110
116642529304
219614035992
228992221198
233287450644
67449126931
208593731608
223801770003
210181488663
208086958103
233294004244
213827321877
213206630422
224705642512
206689009681
69030739992
206470905877
233297936404
175006089238
174865383446
213217771542
160287948822
206811168788
198259507219
197885952020
187414085648
111555919896
118256304145
198947110936
114917638161
112692527128
233307111444
112692461591
74779197459
213981331477
40786984984
105755181072
213206597655
103339261968
207543599128
197677809685
72123416596
225303592980
214381101077
160305250322
207829811224
74813767704
74255433748
71098957844
222586077205
157802692631
208628727832
229776556049
229619269650
115590823954
229600395281
233327820820
227707715603
139915935768
162520891408
149786984464
162470559761
207812247576
102606831636
91351941136
67091513368
66932178963
137816965142
117747744787
213170192406
206504345624
67049095186
225402945556
209726078999
221989830675
214024192021
214469050389
82960793624
85539291160
89834651666
112697409557
112587178006
166989840408
166988005400
190410391576
221537632276
202419535895
209612046358
87690838035
219099938840
206518894616
214041559062
213174763544
115641188375
175007858709
115611795470
196480073745
25635061780
71136968723
209751244823
74812751893
85550170130
74813014037
74813734935
73721184276
69247959057
24818221076
209759109143
91229388821
95705301015
125841702930
124768223252
49546264597
39730413589
83613450259
90045415443
214377234454
74819567637
213801238549
100589240341
207179481110
159597461521
115638009874
112344432656
213345239063
221707141143
25149046799
121458196502
205487865877
214078586901
100598284311
120113004566
111656960022
111608692759
39922565141
222671405073
224919371800
110705115160
128121569301
219434287127
112310091798
218382172184
202365108248
24830312471
24746131476
222679793681
205511458835
67481632787
205511327765
205511294999
205511229464
205510934548
205510672405
205510410260
205487341587
171147264021
205508771862
115639255062
205508444181
115640107026
205489438737
214099820565
205488390162
115641221142
115641286678
205512245269
195252191250
115641876502
115642204180
115642597398
195250094100
195249045522
115642859544
115642925080
195248783381
195247996947
188337750037
195245473815
195245375510
219125284888
192459767830
208169156632
111649685526
218411040787
202870865944
198012452888
189917036562
189916987416
115650592788
101672042520
115651379220
115651641368
100334796824
115651969046
115652362262
115652427798
115654000660
209832640527
95755829269
207690874904
95705481240
115656359956
95704662040
92781740055
115657932816
102773817364
208758439960
219652554771
161511800855
98607120408
2216329239
224829145112
25157435408
207676063768
233474097172
208074604568
225410285584
225282359313
207672918040
225204764689
233476718612
225125072914
29453451285
103107002387
208917233687
225070546960
209857806359
224997146642
220079325200
224726614032
224701448208
214156312597
224651116560
224594493457
67498410004
96342638611
214158540821
214158802965
233486155796
67498737686
67498868758
96344211475
223134875667
214162997269
98547138584
223109709842
223099224081
227049734163
223097126929
223092932625
222930403346
233495068692
222920966161
96348405779
222908383249
96349454355
224829194264
224829063192
222895800339
224828801048
222893703185
213016576022
222839177232
223299633176
213014872086
214177021973
70000263192
222547673105
222507827217
222499438607
222497341458
213008416791
222399823890
222193254416
222122475539
171236655121
221889167378
221876584466
206528987160
221874487313
115685195794
100653203477
224927940624
221400530960
221115318290
221006266384
220777676820
207377137687
100657135637
115689390100
219998060563
115689914388
219882192910
219859910677
219699740691
49489641492
219634728976
219524743192
115692142614
115692273684
95754469400
214208479253
72746008592
214208872469
100663033877
25165692951
74894016531
25165791255
25165774872
209919541271
213313912847
218299891732
98518958102
198773309462
227106357267
217093242900
214664478734
214656090128
214614147092
213574221848
112207855636
213339324440
212969979920
212953464852
190410473496
212877705232
74905026583
212869316623
74905157655
212865122320
174872920088
207068594192
147668860944
202757242901
206777876502
206777614357
206590312472
72762785808
197934448659
214688694295
197933072406
197931827220
95734611992
197931237398
98534948886
197930254356
197927370772
197925273620
197923569686
219382579224
197923176470
197701140500
197697994772
197693800468
95731138584
50343182357
214688661528
197689999383
95730090008
71034175511
197689737237
197689671702
197685411860
197683937303
197683314708
197681741844
95727927320
197680218136
197678858262
197677285398
197677023252
197676957718
112307404823
197676564502
197676433430
197676302358
197676105750
197675876375
98545303576
197675810839
197675745303
197675450388
197674303511
117874098195
229304958998
197671714839
212914995222
117876719635
212912111638
186694500372
233606742036
186692534294
186692141077
186690043926
202167353367
163128410133
185658769427
87817715731
50351570964
117883011091
185650118676
224628047891
185639370771
185638256662
185635438612
233619849236
185629933591
178232754192
173115703312
170411294741
233627713556
157701160984
142732017688
227919429656
227919200279
98563063830
186825834514
139739807768
75304501271
5628755988
139478155288
72851652628
138453975056
98565423126
138449780752
137946464272
133311758354
116221870104
132067360788
128973013013
98568896534
98569551894
98570534934
72801583122
236491833367
207882289168
98573156374
68931551252
117900574741
79674998798
227210690583
77523320852
77524353048
74218946584
74218291224
179685769240
111955410963
111939420180
95691161624
110679588887
208558686232
103153860631
103153598486
50364284949
96433995797
208366010392
103151042580
225081294868
212845494295
233673064464
103149994003
74209706008
98585608216
103148683284
225088897044
103112146967
98587967512
103110934548
103108837396
87851794449
103105953812
103105036312
99300933652
6027214871
6027247640
90091552785
220804939794
67549790227
6027313176
88518164499
207456649240
67550314514
6027378712
68832296984
98595110934
6027477016
240138584081
78348681237
78341537814
74895589396
214375333909
66338422804
214377431061
65978236948
6027804696
65742045204
6027935767
98602188824
84319928340
72833564692
98603040792
47220523030
29609164820
227919364119
98604351512
209580900376
6028099608
29201793042
25623363607
233718153236
98606514200
72837496852
25597313043
25594855447
25592594450
50377785365
25571098644
232648884248
232649015320
98608807958
220839411734
25569722390
25568903191
25563234327
25562710035
98611232790
74183491608
25562120214
218696646679
74182574104
102907314198
25557991443
25555370003
25548029972
25547505683
25540165651
25539117074
98614837270
98615230486
98615296022
25538330644
25534922770
25531449366
98617196568
25523912725
25515524116
25515261972
25504055320
98620538904
25008537619
25006669847
24980226068
24972361747
24952963092
24952111126
98624471064
24945623059
212761509910
24945033238
209539350552
24929894419
24929370131
214431432725
24927797267
24921505812
98628206614
24897716247
24897650710
98628861974
112587816984
24884805651
39766999064
207381020696
214440738837
24860688403
24858066964
103153172504
24847843348
24835129366
24831328276
98634170392
24830738455
98634367000
72865808408
24759500819
24748818455
24748752918
157546168344
24745541654
120112545812
24722538516
24720703507
208016506904
24720441364
24718082067
24717033490
232714551320
24715984914
98642231318
24711266324
24703926294
24700059670
112602431512
24699404310
98644721686
24696061971
227354345491
223059902485
98646163480
2235564051
2221998102
2216427543
2216362006
83615809559
229480333331
112607281176
198755172376
98649243672
112607936536
174976139286
198753730584
186564739090
186566574102
178136514584
214485303317
98654224406
206546173976
233819078676
226521514005
110718222358
186785988627
111542337558
214495658005
233823010836
223086641169
111572008984
111545352214
72891760660
111546204182
79936487446
111547056150
111547973654
111548432406
233834020884
74282172435
186593050642
68759617560
98666807318
68759355416
111552561174
111554134038
111554199574
111554396182
68240769048
220962226198
220962357270
98671329304
54177824785
98672246806
111557935126
41107456024
229558452242
111558918168
111559114774
50411339797
40033189909
229561597970
24812453906
204070256662
98676244504
111561015320
24811405332
210059427863
112708288531
50413633560
111564488726
50413764631
50413797400
223128584209
208085549079
111565668374
210247745559
50340691989
111567372310
72913518612
92241657875
95124193301
29502930966
99263938583
50417106966
219080458264
228585373712
98687909910
213654700052
175005696022
227665936408
96541999125
206622687252
118017228821
100238622740
92248473619
67599597587
229595152402
83660308503
96546914327
228313595927
198663946264
198663815192
186651770898
92253192211
50422349846
50422448151
195245899794
92255813651
118025617429
219087896598
118025879573
25508282391
98698919960
223828803607
222709514264
83669549077
218878181395
88050073623
222542364696
217579454487
214586359829
214586621973
217579257877
111590178838
69715279896
69715476504
111591424022
111591882774
213164752916
67607986192
94414045204
193902411797
98710388760
229631852562
188568567832
118037938197
6034817045
162078588950
141721632792
92335734807
174876377112
77350830099
186691485718
186692010006
111600074776
186693025815
186694238230
186694369302
111658369048
210428788760
111604989974
111605317654
111606235158
98722054168
222125883413
111554527254
208185983000
112723378200
111610429462
208190832664
210409160727
111612592150
111647031320
229668552722
112719773720
110711406615
186566836240
111615016982
111615541270
70898745367
111616720918
48588652566
111618097174
111618424854
111641198616
214646521877
212543537174
214646915093
206057766925
233313943576
74469605397
111621963798
229625561106
229455953944
111636611096
214655696917
70719635478
186740604951
111624388630
186762985494
191036129300
90152370196
210346410008
225403731988
111629041686
227552002067
111649652760
209983995928
111630286870
209957748758
186753482770
91228160024
111631204374
208221569048
192125845528
227559866387
98741682200
186759774226
50448564244
208675012632
229712592914
186740310038
112697360408
96605831189
96606027799
223275384849
112695066648
208457826328
229681594390
214688464917
208457793560
210395201555
112692445208
111641427990
210397167639
208325197848
208073687064
207140716568
98760130578
91214397464
29521870869
207923347479
207833956376
111646277656
207831236632
207390310422
198796312598
202263494677
111648571414
111648768022
111649226774
232960835608
198935707671
207112978456
198896795672
111650603030
210415255575
198840352790
207194963992
229743755287
195651387416
198816235542
198784122903
25700696087
207105769496
207105638424
198762496022
198691454998
191459491858
98720317464
189223403539
111655256086
183750623255
111656239126
139561271312
155953135635
111656763414
111657222166
118032171028
104085733400
118012379157
186694828054
189915676696
104084881432
104084815896
186693124118
111659712534
186692337686
186691944470
175001288728
186691420182
229761875986
70859096083
163191980053
98636005400
111598665752
175006531608
111663251478
98585411608
174872510488
171788730389
8623620120
167495958552
167496908819
202420224023
94412603413
6039273493
91932835864
39728709653
171797905429
69715181592
156766830612
208309190680
201867132951
87097868307
208313516056
86936895512
198653526040
183718051863
116224000023
155671527448
206951170072
50422431768
227650043923
33391378453
148197343248
96546816023
39735001110
218859995160
218859864088
178058199063
5635309589
39735787539
221004202007
208335274000
192011616280
198672138264
134187843604
210261049367
77328023572
134187319315
186631487511
77331038232
198684459032
98634629144
103105429524
133088935957
189030596629
103106740244
48588029975
192465338388
24863834132
209438883864
103110148116
185625739286
103111458838
103111720980
103112376342
165423349776
191193415700
2215116823
98670182424
207303753752
210222645271
210222481432
208073719832
191199969300
210219892759
78344552470
191201804308
2215215127
202167156758
34168471576
232006090773
198721552408
233081683992
68761944084
47230746646
212685815826
2215378967
47188738070
157593026584
207752593431
170720755733
2215510038
197692751891
119565434904
98626699286
212698398738
68769808400
98593013782
232741617688
224404602904
175010775063
33835778071
34093072408
34093006870
198666027032
199826604052
197679382549
197679644693
112607838232
218081902616
186728316946
112607313944
197682135061
112607182872
34208972824
112606986264
212715175954
98648162328
98646130712
207351070744
206953463832
77371015188
88480940050
112602660888
149373829144
68783439892
207676669976
206285570069
232714616856
207360639000
72871739416
72871673880
72871608344
98718302232
98699575318
98659860502
95656869907
220896591895
5554831380
69959155733
140364922904
223637930005
103148945430
103149076502
212650164242
233134620691
229044125715
103150583830
228120854547
206301954069
186975780882
103152353300
103152615444
210128863251
208250175512
210143969304
227785310227
208076800024
77388054548
208075489303
207995830296
207989981208
227795271699
206851604504
77393297426
206311112728
91748302867
33843838997
189022601233
117996257298
206328954901
39771963411
98544631832
207973711896
91370815505
88870486035
68163846168
87688216593
98617032728
68809654290
6001000466
25762463763
223829032978
220045328408
186804174871
186804158488
195079766038
174819475479
115694370836
47220686872
174134919184
74183393304
74183524376
112388472853
77405290520
112206807060
79962177558
174139113488
74769760274
72789000210
232648687640
212795916306
70691160087
53817114641
98689679383
98638528535
217094422552
233497165844
209018470424
225689468948
98602745880
98602680344
202442276881
91372912656
74194075672
98600124440
233301344276
223202508820
208364716056
208073654296
207340011543
232625356824
74158129176
41350987800
198870630422
202421239830
72825667608
189200859153
91062534160
227856613395
207456714776
89640665102
221417308178
207041331217
66589818899
221421502482
228421632023
98588786712
228421009431
214982983701
74206724120
189214359573
102890471440
225343569942
225343438869
225343176724
219282931731
70988595217
74209673240
224042418195
68841373716
72908013587
77432094738
25524437012
95362629656
212845559831
124002304023
188095660053
116224032789
217148555284
68847861784
229366595607
116223639572
191783682072
125419470872
116223115283
155952627736
83882934293
74219962392
74220355608
221408395284
191390285840
131040280597
116222984215
77443629072
116221935637
223607128085
116221739030
116221706263
206379253783
116221542421
71005372433
112482844691
90332725264
195632300052
116221018131
116219969554
209658298392
220752183318
223617875989
75303485461
223619317781
95704825880
75304271893
68862410774
75305189397
78353793041
208591650840
217182109716
227919396887
223626264597
210005819416
73990144019
218591723543
220735406102
157064626196
232226029585
217195216916
227934732307
202167255064
208916496408
220726198295
68528963607
68528914456
75317116945
68520476696
220722692118
223647760405
224829079576
98582331415
111825059862
111825518614
210288836631
98703343640
215062675477
98704523287
75321311249
118038069270
229304762390
219360231448
111828336662
98711699479
213207220244
187151384599
98545532952
98545074200
98544877592
220709552151
223660998677
68682776595
111578808343
214613753877
2219180053
98542714904
98542387224
98542256152
224999571480
223665848341
223667027989
98712338456
223668994069
111607021590
94420074517
25754664984
219377008664
98685304856
111611936790
68887773208
223673057301
95731367960
219381334040
178136416280
111618621463
186730414096
95734120472
47220654103
111620259862
111620390934
229681889304
195325591570
26350190611
8641314839
2219573268
206724743192
227981918227
227548856339
227988209683
229703155730
70831308822
74905124887
227990831123
25761415186
66555478036
218975436821
47229108246
107556634642
125366648856
197932875797
50451447828
66557313043
111639658520
227572449297
186774192148
208310042648
225854095380
95748341784
77495271446
103265861650
6319423512
6319456280
111618818070
137817882645
210412503059
210414714904
103270842388
83706773524
71059374099
223056019480
83944800271
223722078229
115692240920
47223799830
92333801494
92333932565
214449176600
214449045528
139980701712
111665463320
210447204375
98665136151
186830028820
152471863316
228032249875
214747693080
103280017428
95764201496
213003403286
98986622994
5515247637
206564360213
208814391320
228040638483
74293821464
204420415510
225896562708
68928143378
224827293720
224827424792
224828211224
224829128728
111635922966
98617999384
98617671704
53695479823
189470294040
24699895831
25762988053
77523582998
77523714070
118129426450
77524238360
77524303896
212635746324
215233544216
24701042708
148608385040
25763184664
8627814423
214699966487
24702091284
98603909144
24702353427
98603450392
214381953047
111615803414
77528760344
212652261394
8627732504
70899466259
231988379672
213043216407
24704483351
210175688727
24704811031
225556037650
90419167254
90419298326
24705630229
77349519380
68759781399
24706547732
77353975828
207688187928
131039756308
98583527448
206616084504
24707858452
229366628374
71098826775
98578235415
71099744275
77542195218
206622425109
223804391445
67644391447
202420322326
190693146648
207701426200
77371277330
197688557589
197690490903
225958166548
204483854358
204483985430
70648610840
24696586260
207669493784
33839644693
50353389592
208788258832
215231758357
115643088920
208312565784
39767113749
206310047767
206310342679
228126621715
116211580948
90280296467
24700125206
116212891668
90282393619
158951784472
122160840728
24701304852
228132388883
227271950360
68812800018
202365075479
103105167380
90289209363
98601222168
25763217431
218381975576
218381844504
218381713432
187334393870
99036954644
210125193239
187026210840
83854622741
33311424532
33311358998
33311326231
219108048919
33312079894
103114604564
116221673496
116221804566
24723324946
116222590996
2222194708
24705368086
221707763730
189497868309
8600322072
204535103510
116696432664
98966306837
228160176147
79721660435
197682102295
5519179795
99050586132
71133822995
165889703956
137973334037
228166467603
209758912535
75298242579
137818226712
144419454998
206428176405
74813177879
74812915735
68992106514
161606139926
161606270998
186829766676
209748819991
223616303125
75303747604
68863655956
209928437784
68864180242
220726067224
68864163864
227919003669
212748730392
165652332566
220722659352
202419568664
202419732503
202421141528
206515683352
166989119512
172155158552
206458699800
232229175315
206460305432
202167042072
207584821272
207682338838
68875452436
39806828566
206468677653
220716793880
189291560979
2222981140
232240185363
73300181012
187401502738
73301229588
223658377237
115643219992
115642957848
115642892311
124841951254
115642155032
172132139031
96266780695
208888922128
212942716946
231988396056
107551129620
92165636111
49482563604
219080441880
197931171863
217261015060
212797063192
39876952085
87684022289
74905190424
74904649752
111966683156
223657803800
111967469588
219638923279
207830269976
2223505428
196859084824
213205254166
69023301652
81908989972
111973564438
198816694294
98588704792
198946783256
198797426710
111976120340
235109810198
206460239896
111976382484
206459715608
111976644630
189398515735
144497016855
228054269971
213022670868
77523845140
71083491348
77529612305
86209855510
24751636500
157389946900
228077338643
81917444118
81917771798
81917902868
39841431573
81918230550
208594714648
210006294552
198930530328
213981134871
198948225046
198946914326
202138451989
82994774040
217528401940
71098892311
208767287320
207866970136
2220752918
228095164435
198921355288
209657692184
68865753108
53805580307
208945807384
207697674262
219684012051
232201732120
206449278997
33345372183
33345404952
222542626839
206456340504
223607472152
204494864404
202167304216
69045583894
206809989141
208074981400
24759238676
219697643539
192459735064
208564174872
68883054611
208562733080
192455835671
206817853461
198897631256
209634000919
86230958100
217148866584
198874693654
115641171992
69052399636
24762384404
115541835799
191792939028
68989992984
208842784782
224828260374
217141133336
161603649558
74425483288
183081369616
218209386519
24904466452
207428976664
228313661463
218202538008
219614134296
213172092948
213172355090
115542229016
115519946775
159601131539
124841885719
187407794194
86244524054
175245950999
207456895000
71162658833
79803973651
207454535704
33311293464
213202763794
232625930261
232626323477
33910358040
232628682769
111973761043
111973629975
208518692888
25654198294
208716955664
198794280982
86252453908
112608116760
43534745624
81917378583
86214967316
206794915859
219756363791
198759481366
54542614552
175219081239
206619770903
198934331414
33345077271
86261366804
217560907796
232652406805
86913581076
86263988244
206886535189
49462247445
206836334611
174853980182
24757403667
86244327446
207414034456
209561255959
68866146325
86246686740
209559912472
49517821973
224475283478
91934310424
198702465046
232626061333
228138680339
127070896149
206460272664
86269755412
129218904084
214381494293
218207125527
207974580248
217610715158
217610846230
209052499984
206326808600
198291488787
160020496406
112289923096
148715601942
129223819288
207396864024
194024833043
198666289174
194027454483
5794562069
69098536982
69098668056
74467622936
206905016335
213350613016
5794693141
207992406040
79838576659
86280831000
79839887380
206310424600
49583718424
49583947799
24973410324
112281010200
207380873240
206930706451
39921516566
39921614871
39921647639
5795086357
213345304599
69119508502
91656536088
157542514708
124001927192
207371436056
157544874004
69118787608
157546315800
234870374424
86290726932
72121057300
39924531222
213384134679
208015736856
86292955158
232713879573
157554835472
224182911000
202167091222
6333399055
89719832597
207353348120
69117804568
70720651288
175018672150
219873542165
93920329752
115643056151
183484612631
207345483800
209144774670
206999912467
157701046295
209488773143
140396199960
198884392982
208044310552
207331459096
207022964760
207327133720
112700030999
53807677459
157701177366
211275841560
232020197400
71280099345
2226946071
88461148181
88461541397
209466884119
156057468944
68064739352
198778257432
218523631638
214485958677
131413573653
131413835793
206953480215
149012086804
86300950548
222125817879
198292013073
207309176856
206666301463
52824113173
224179388437
149019426832
52824309783
207000698901
207304589336
52824571926
207000944664
198710722584
234870358040
207381037079
163990503448
52826996756
208367566872
174874951702
231988346904
213349433365
84219002900
83066388503
209438408728
189915201557
200981348372
185625051159
185625214995
226347450388
185635045399
84295024657
71517208597
127085576212
2233991188
228505681935
213475655702
151435149334
5402460182
92782985237
80959078423
25733529624
98637053976
79950118933
192011829268
208334929944
66853699608
24819531796
100374233112
84319797272
206588805142
120836325396
70305202200
207154577425
202757210136
222085251090
233082716179
234971201556
115643187223
207058108433
202764288024
207171354643
202765860888
158234279960
5799280661
225307000851
209211883536
112270442520
213350039576
210289410072
208308584472
206329085972
133601165334
102426509335
214747660312
74281123859
175016837143
174990000152
232714469398
73475555352
174868922392
222113824790
140365168663
98619605016
114915541011
175008415768
207404400661
207406104599
240504225816
208161095704
174876000276
198819446807
192182550551
175009431574
157701373976
175012315158
209920720912
83066486806
185640091670
189915856917
202168598546
79928819735
79929409557
79929933845
174989967383
74465886232
5532286993
207105818645
174827765782
209588060182
100334551064
71411826711
185636749331
127245287448
140471435280
226519875607
202818191379
200671232020
24832638998
185639895063
185642516499
185643040787
149137129492
214703226904
209266409488
185645006871
174970929176
185649332243
71422705681
79942647829
170760601618
39972503572
191786106904
79944810519
39972765714
232639234072
71406977044
108452839447
207168143384
69224579096
69224513560
79948546069
6018301975
202870128663
232624652312
2229534740
160286900245
39975911440
157700947992
84221100052
198718259223
192119570452
25594691605
102548242453
196415062038
48567943186
24837095444
209403691032
192124813332
24841551892
192126386196
192127696916
192127959060
5934940176
208218538008
192129269780
66865594384
207142584344
69223055380
220049276952
39980892180
207340437527
122999799829
218985644056
207351169048
174968012820
112271032339
112272605205
185648218134
99297394710
99297656854
207112994839
185645858838
125067919382
99299033112
112290562072
24893194257
207115190296
185640058903
39987445779
100375576600
98517581846
99302572054
226520989716
226521251860
207380906007
99303358486
174984003604
185633144854
207385395221
225155481620
185628295190
185624985623
181686763538
112290693140
112290627606
112290955282
125078929430
103606124564
101458903061
2230583316
204265439256
157701013528
101460475925
103609532436
88678465560
133775228949
185949749267
194069594134
101464408085
127234342933
175219114008
103613988882
207227977745
144954097682
71645003795
112206282772
208305930264
50157273112
112209821718
112209887256
48589570070
202769334295
198651674645
24857542676
101578440728
127245090837
112214147092
48591208470
103606517782
149266890768
101582618648
101582635031
202759143446
71703855125
66899148819
202754654231
112510435351
5805342743
181701443601
69379997720
222295359510
84413513747
207264546837
225861697555
149284192280
74130653203
224672088081
160250331157
198787072022
209425006616
71897514006
223133122584
219091681304
24879169558
222543347736
198697680917
71433715731
223804588054
24832770070
84319535127
80959012888
80958619672
5806620693
82295390227
197928747030
208077897752
112608673810
174860992534
117355053076
2231959574
214517628952
134057295891
198715899925
98653634583
191204835352
116666794006
213758607383
2232123415
112373792785
5807144983
157596549144
5807194136
5807210520
2232221718
80944463896
213764538390
96011288597
222357880850
2232418323
216910725142
112510107671
112256352272
24875892756
196858609688
197676695574
120849301526
224146292760
25026756630
101523128339
170308354072
95749832727
91670413335
157137567767
233114435605
233114828821
197935562774
197930713110
168694906895
218086375448
71881981975
223055921176
223055790104
112269459476
24881922068
112290037781
112270376982
5808586773
25653936148
112272736278
222397726738
218103152664
151400218644
232704770072
212924055576
83066585111
88655527955
40033517590
88677007384
88657494037
2233204756
112281059352
5629116439
24857313303
54174941204
88883593235
224640368661
198802276373
74466557975
74466492439
47818358808
69499617299
174996717589
131845062676
112289972246
112290168852
223607324694
2233466902
25549078550
72871837717
208269426712
79976988691
74218897431
25653805078
112294101008
194522382355
2233597974
214461775894
171245010968
95118426128
71496368149
71496630293
185942409235
213043331096
69352816658
112302489616
40045510677
165549719576
112510140440
207826518039
192404258836
213878833174
187026178071
112488087572
74108633108
25526468630
5553520660
102429818902
208516169752
112311926806
112608083992
112312057878
206343569430
229278482451
110710751254
84396736531
207513190416
232625733656
116680294418
208591552535
214371483672
71514456083
206854225944
116683964435
2234253335
44348211221
217119342616
207922184216
71517601811
159600640023
217579159576
112510500888
206496071698
67973087254
228312940566
112324247572
25009258518
197928878102
206297399320
157135667223
198882623509
220735340567
95757008917
74119970839
213920776214
213920907286
213013495827
220752101400
25018204183
213924446230
110653898776
217557401624
74779983892
236882919447
195288891411
220762325016
197676040214
25561989143
127851560982
192459309076
84420329491
173720731666
112289939479
192464289812
147367919637
192466124820
208678649879
25528107031
227555672084
219688796182
208949248024
110719729686
116637564950
125419765784
152491261971
225099513877
87649992728
213953282070
216457855000
208938795031
114916098072
233311830036
222551867410
69033213976
102728269848
24976752662
225034158104
209928519704
171448696856
227665969174
5558370326
165653135384
219661139990
206776107032
220845965333
222563401746
91339358224
25568739351
82296111126
108452741144
74093510680
185572786192
69751275538
232714141716
121424576534
232848097300
112586653718
174871543829
112491233294
92086992914
24955846678
112366452754
212833140755
84319879192
95416942614
88975343635
88975867923
110603141142
219370749972
25629294611
208607379479
174970896407
117331623959
116666662934
116666925076
116667383830
116667449366
112372744210
116667580438
213659549719
219376893976
212940619795
73720922132
112607887384
112608280600
112608542742
73722494996
25503268887
74796679192
33999716375
214481764374
73723805716
110781136919
71814479896
116677148690
95757664277
95759106069
25651101720
206558724118
214029795351
210380718102
202421075991
68164108312
202420289559
202419798038
68163813400
112386375702
198751027222
116681867286
116682194966
116682260504
91228176408
116682915860
112388210708
210221662232
112388997140
207738175511
116685275156
198887473174
115542065174
112695132184
74360782871
115519979544
115541868566
148715667479
25653608470
54173106196
54173892628
25573982228
41310961688
222647287826
72886517777
100572594200
208836821015
208836526104
54175596566
224768557072
219873673238
34005319701
116694712340
228019519512
74822189073
198802145304
166826344465
116696481814
192175407125
190444077077
71098925080
115642466325
177621434386
2237005846
163892428816
116223983640
233473048596
68752408600
68862378007
116700676118
71604371477
2237136916
2237071383
207634825229
72873934867
206667055128
72814952468
112667394067
222674550802
25700728853
25700859924
190622859286
208723001368
116710703122
171147395094
205509099542
205509361682
206631649304
232415625240
207112634388
141092192272
112735977496
24951128084
116718043158
184812961814
116718174230
116718305300
86921445396
116718632982
116718698518
98620342296
116719026198
178136285207
228112367639
25519063061
53615722518
25733922839
8717795352
208217309207
112604479505
25744637969
45613580310
78342193174
78342848535
111557804054
214897655830
78343831573
227554099220
163131949078
8719171605
201245851668
68165763096
207685599256
6104809489
210189156368
85238743061
208037691416
214699868182
186783891475
112720871442
222731173906
71814463512
207699968021
112723230744
229739331603
208267902999
208268148760
67100475409
41331392535
68165746712
207671967768
225034354712
163132112920
24935137300
24976818196
225034240024
225034108952
208072343575
160466173976
207668690968
161057603605
188337569816
69499093012
115541803032
71647625235
206159577112
229193547791
100639424536
77523795992
108452642838
225156857879
206171013136
116748451856
222543085591
214093611032
110610808854
212631814163
49492344856
115695157267
227666034708
110615658518
214177415190
115643121686
115642990614
110621949974
110622933014
219096809490
25508315159
237806551059
25509756946
206227767320
25519718419
74128556051
24974852119
110795063320
69715574808
191212421141
110642003990
110642397206
115641417748
217415696408
24976719895
24977080340
212699447313
197670731796
112608378904
112608313368
110651572246
40686321687
197682790420
208516218904
104085782551
160927055885
69522227224
95756058647
112608182296
92125593623
225034321944
197702451220
74157916181
74158440466
137818341400
112474914838
88853184531
148715749400
229245419544
229248073747
186982072335
234226712593
112478781462
224957300753
112479305750
229252792339
157135863831
157135699992
127854313493
112480419862
125366108184
198672908310
112481665046
68061773848
112482123798
229260132371
218522976276
88861573139
25524174868
145315807256
67310714899
40312569880
74904682520
208862986264
166987825176
74905075736
111550070806
229266423827
217087213589
65907195923
212797489171
112486416408
208073867288
110698233879
47201189912
212812693521
229277958163
25531252758
74209034261
2239823894
24957026326
24956993559
70619873304
40141914134
68245291031
24957943828
24957779991
204266930199
88875204627
71695859733
207814524949
209962401812
224995049489
225215840279
69959319575
68113186840
101763776533
189262200852
101764825109
41269461016
88882544659
202176462872
77468483608
71704641557
77468221464
220716826648
69959352342
229310988307
207542468632
220722855960
112510173206
112510238742
202167320599
233614475285
112513253394
25734021144
197931565076
25547079703
25010634772
25733955606
232296546324
80302768151
25010896919
157137616920
80303095831
80303292439
208603349016
25548554259
212976140309
25012207636
25733890072
110623522840
110624571415
63986794518
171348951063
5555617814
213004976149
220744646675
227919462422
227919167511
229335629843
73723641879
25733791767
25733742616
25733562392
5555781656
25733365781
70648578072
222543298584
232364965908
110648229911
232032043028
222903140370
137714925592
25559040020
219685699608
115652558870
80316727313
134456279060
25700663320
229357125651
25521946646
157271457815
25654329367
112533176336
70720225304
74219028503
125419257880
5719851032
80324591635
71735836693
220778954776
25527582739
222931451922
202419208212
25653575703
112541368342
112541433878
5557059605
69592875030
74209296404
179989086231
74209722391
95364841490
74208935959
212858830865
68162387991
92251619347
74392272913
157544349715
2241593364
233686040597
34168373270
229391728659
25090326543
117347713044
157389684757
82994659350
25580535828
202554589208
240136978455
229400117267
232588312596
213765128214
112735944727
74425499670
206834499604
151015915536
202554474520
25011748886
66856534040
84319567896
214377299990
225116684305
83066421270
214381887510
229415321619
217627492373
206363361304
227835936791
102468943889
74465935380
74467770386
74467639317
110696300568
140344688661
74468818963
74469343252
5558501396
5558435863
140303679512
175010807830
2242117652
34187509781
65946517524
5558468632
25026101268
123867955224
229427380243
25600196628
208497180696
227283828756
227284615188
232961802263
174978826262
67360522254
232752152596
229444157459
70700417048
212757643283
115655573524
207973515285
207405498392
13803601944
25595740178
225156923413
72025604120
72025538584
25620381718
214481109013
229455790104
80369549333
229460934675
174859157526
198760267799
207390294040
112585146392
174869839893
214433759255
112586719256
110672707608
206311718936
112588357654
112588881942
185633603604
174827569174
207380856856
225178812437
185636487188
207112896534
185646972948
70639222806
110666154008
25624576019
198285459476
95416483862
25627492375
220896264216
95416746006
207366701080
95417204758
98218016784
229487673363
25629818900
110661238808
174978236437
232723382295
99715383312
214462365718
209093722134
81054924816
153519915023
25632964628
214464331798
80390127633
223055413271
207353724952
110653505560
112606576660
112606838806
112607035416
112607100952
112607232024
112607363096
214476652566
112607756312
112608215064
112608346136
193003782168
186565787667
198703972374
208409657367
89692307477
86244425752
198713933846
50157453333
174866759702
110645903384
98167947284
213756018709
181303066648
198725468182
207328559128
198748930072
89717473301
25085050903
25651314708
29410721813
198777634838
198778945558
225238712341
198785499158
207389851672
112623353874
89746571282
34061418518
124841918488
103119405080
34061549591
34061598744
226519678997
71823786003
40207122454
202421207063
40207253527
40207286296
40207450136
223104466962
214517121047
155944222736
219107098646
53614739475
219103297558
208365223959
208364666904
110624604184
198929809430
218831257620
233087696916
68526047255
198950649878
206208303128
198782746646
25743261719
115593445395
25743065109
77333479448
77523812376
117742501905
41351036952
74781425685
233336209428
196837113877
229579423763
71841611795
72894906385
202737696792
219082194966
186634469395
74811703316
74813276180
220995256339
74813538325
74813669398
209607196691
112646422546
204530057240
218850656276
160717340688
223146410002
225270824978
202748444696
174832238616
204484313110
25688014865
115639320596
115639582739
115641352216
115642728469
178060525591
34068758548
198663651352
115652296728
202167484439
229160386582
195244851219
40651849749
195245768727
186657538067
160467779608
115529482260
197688754199
34069872663
100641275924
69709332496
195251666963
25698762774
112661102610
210289819664
112663986196
208305946648
34071412760
34071478295
34071461912
69715296280
34071642133
34071576600
112665296916
223182061586
78306476056
74905223191
167495663638
207794208790
112669753364
98666217494
207812558872
112670539794
217066307606
171786174488
141721534486
67585835029
213659631640
174878113816
70635225112
112673685522
157701128216
220725772312
186694762519
221054205976
117890875411
111550922774
128835338264
117899264021
47201255448
212701741078
25731006482
66003927060
179987415061
183484956696
83690504216
71924416536
225364148241
5625085972
225446625304
229661736979
111569862679
214382280725
6027870230
50413666327
50413600791
216930779160
6028001302
72842477588
102908231702
214699933720
98616606744
177905598480
112688627732
214638919702
112688889876
178136645656
112691511316
25732382743
111638691864
47177728022
111536242710
40242380821
214488186901
186740244503
186740899859
112698195990
208237297687
221101031447
78349238295
112699113494
111552757782
111633842200
112700686356
78341799958
86931931156
163125264406
78346420247
68162322455
195246948370
78343962646
68162813974
